37.5
0.9555555555555556 0.9705882352941176 1.0285714285714285 0.9444444444444444 1.0 1.1 0.9642857142857143 0.9523809523809523 1.0 1.0 1.105263157894737 0.9259259259259259 1.0 1.0 1.0 1.2142857142857142 0.8888888888888888 1.0 1.0 1.0714285714285714 0.9230769230769231 1.0 1.0 1.0 1.0 1.0 1.1428571428571428 1.0 0.9090909090909091 1.125 1.0 0.9166666666666666 1.0 1.0 1.2 0.8333333333333334 1.0 1.0 1.0 1.0 1.0 1.0 1.0 1.0 1.0 1.0 1.0 1.0 1.0 1.0 
10.348372945055983 10.948372945055983 11.548372945055984 12.148372945055984 12.748372945055984 13.348372945055983 13.948372945055983 14.548372945055984 15.148372945055982 15.748372945055984 16.348372945055985 16.948372945055983 17.548372945055984 18.148372945055982 18.748372945055984 19.348372945055985 19.948372945055983 20.54837294505598 21.148372945055982 21.748372945055984 22.348372945055985 22.948372945055983 23.54837294505598 24.148372945055982 24.748372945055984 25.348372945055985 25.948372945055983 26.548372945055984 27.148372945055982 27.748372945055984 28.34837294505598 28.948372945055983 29.548372945055984 30.148372945055982 30.748372945055984 31.34837294505598 31.948372945055983 32.54837294505599 33.14837294505598 33.74837294505598 34.348372945055985 34.94837294505598 35.54837294505599 36.14837294505598 36.74837294505598 37.348372945055985 37.94837294505598 38.54837294505598 39.14837294505598 39.74837294505598 
37.5
1.0681818181818181 0.9354838709677419 1.0357142857142858 0.9090909090909091 1.0526315789473684 0.9655172413793104 1.0909090909090908 0.875 1.0526315789473684 1.0 1.0 1.0 1.0909090909090908 0.9629629629629629 0.9473684210526315 1.0 0.9545454545454546 1.125 0.8823529411764706 1.0 1.2857142857142858 0.875 1.0 1.0 1.05 1.0 0.8 1.1818181818181819 0.75 1.1666666666666667 0.9285714285714286 1.6 0.75 1.0 1.0 1.0 1.25 1.0 1.1666666666666667 1.25 0.5 1.25 0.75 1.0 1.0 1.0 1.0 1.0 1.5 0.6666666666666666 
11.08026923551458 11.68026923551458 12.28026923551458 12.88026923551458 13.48026923551458 14.080269235514582 14.680269235514581 15.28026923551458 15.88026923551458 16.48026923551458 17.08026923551458 17.68026923551458 18.28026923551458 18.880269235514582 19.480269235514584 20.08026923551458 20.68026923551458 21.28026923551458 21.880269235514582 22.480269235514584 23.08026923551458 23.680269235514583 24.28026923551458 24.880269235514582 25.480269235514584 26.08026923551458 26.680269235514583 27.280269235514584 27.880269235514582 28.480269235514584 29.08026923551458 29.680269235514583 30.280269235514584 30.880269235514582 31.480269235514584 32.08026923551458 32.68026923551459 33.28026923551458 33.88026923551458 34.480269235514584 35.080269235514585 35.68026923551459 36.28026923551458 36.88026923551459 37.480269235514584 38.080269235514585 38.68026923551459 39.28026923551458 39.88026923551459 40.480269235514584 
37.5
0.8648648648648649 1.0571428571428572 1.0 0.75 1.2727272727272727 0.8518518518518519 1.0526315789473684 0.9047619047619048 1.0714285714285714 1.1111111111111112 1.1304347826086956 0.7222222222222222 1.08 1.2105263157894737 0.8571428571428571 1.1578947368421053 0.7 1.4615384615384615 0.7777777777777778 0.7777777777777778 1.3333333333333333 1.0666666666666667 1.5 1.4615384615384615 1.0666666666666667 0.25 0.75 0.21428571428571427 0.2857142857142857 1.7142857142857142 0.9166666666666666 1.2857142857142858 1.1 1.1666666666666667 1.6666666666666667 1.0 0.75 1.3333333333333333 1.0 1.0 1.0 1.0 1.0 1.0 1.0 1.0 1.0 1.0 1.0 1.0 
11.727007048271238 12.327007048271238 12.92700704827124 13.527007048271239 14.127007048271238 14.727007048271238 15.327007048271238 15.92700704827124 16.527007048271237 17.12700704827124 17.72700704827124 18.327007048271238 18.92700704827124 19.527007048271237 20.12700704827124 20.72700704827124 21.327007048271238 21.927007048271236 22.527007048271237 23.12700704827124 23.72700704827124 24.327007048271238 24.927007048271236 25.527007048271237 26.12700704827124 26.72700704827124 27.327007048271238 27.92700704827124 28.527007048271237 29.12700704827124 29.727007048271236 30.327007048271238 30.92700704827124 31.527007048271237 32.12700704827124 32.72700704827123 33.32700704827124 33.927007048271236 34.52700704827124 35.12700704827124 35.72700704827123 36.32700704827124 36.927007048271236 37.52700704827124 38.12700704827124 38.72700704827123 39.32700704827124 39.927007048271236 40.52700704827124 41.12700704827124 
37.5
0.9615384615384616 0.9705882352941176 0.9666666666666667 0.8636363636363636 0.875 1.4444444444444444 0.7916666666666666 1.1764705882352942 0.8333333333333334 1.3333333333333333 1.1578947368421053 1.1 1.0833333333333333 0.9047619047619048 1.1764705882352942 1.0 1.05 0.9411764705882353 1.0666666666666667 3.4444444444444446 2.5555555555555554 1.1818181818181819 0.5 0.3333333333333333 0.16666666666666666 0.058823529411764705 0.2 0.125 0.1 0.125 0.2222222222222222 0.08333333333333333 0.125 0.1111111111111111 2.5 1.8571428571428572 1.8333333333333333 1.8333333333333333 3.6666666666666665 1.2 1.3333333333333333 2.0 1.3333333333333333 1.4 1.3333333333333333 1.0 1.5 1.0 2.0 0.6666666666666666 
14.019888679951 14.619888679951 15.219888679951001 15.819888679951001 16.419888679951 17.019888679951002 17.619888679951 18.219888679951 18.819888679951 19.419888679951 20.019888679951002 20.619888679951 21.219888679951 21.819888679951 22.419888679951 23.019888679951002 23.619888679951 24.219888679950998 24.819888679951 25.419888679951 26.019888679951002 26.619888679951 27.219888679950998 27.819888679951 28.419888679951 29.019888679951002 29.619888679951 30.219888679951 30.819888679951 31.419888679951 32.019888679950995 32.619888679951 33.219888679951 33.819888679951 34.419888679951 35.019888679950995 35.619888679951 36.219888679951 36.819888679951 37.419888679951 38.019888679950995 38.619888679951 39.219888679951 39.819888679951 40.419888679951 41.019888679950995 41.619888679951 42.219888679951 42.819888679951 43.419888679951 
37.5
1.0 1.3 0.7037037037037037 1.9411764705882353 1.2727272727272727 1.1904761904761905 0.875 0.8214285714285714 1.5 0.8823529411764706 1.8 1.380952380952381 1.2777777777777777 2.25 0.9473684210526315 1.2 1.1666666666666667 0.625 1.0833333333333333 0.7692307692307693 0.5333333333333333 0.5333333333333333 0.3333333333333333 0.16666666666666666 0.18181818181818182 0.16666666666666666 0.7142857142857143 0.5 0.09090909090909091 0.08333333333333333 0.1 0.3333333333333333 0.09090909090909091 0.09090909090909091 0.14285714285714285 0.3333333333333333 0.16666666666666666 0.2222222222222222 0.16666666666666666 0.5 0.5 6.0 2.5 0.5 0.2857142857142857 1.0 5.0 1.2857142857142858 1.0 2.3333333333333335 
22.93550364200705 23.535503642007047 24.13550364200705 24.735503642007046 25.335503642007048 25.93550364200705 26.535503642007047 27.13550364200705 27.735503642007046 28.335503642007048 28.93550364200705 29.535503642007047 30.13550364200705 30.735503642007046 31.335503642007048 31.93550364200705 32.53550364200704 33.135503642007045 33.735503642007046 34.33550364200705 34.93550364200705 35.53550364200704 36.135503642007045 36.735503642007046 37.33550364200705 37.93550364200705 38.53550364200704 39.13550364200705 39.735503642007046 40.33550364200705 40.93550364200705 41.53550364200704 42.13550364200705 42.735503642007046 43.33550364200705 43.93550364200705 44.53550364200704 45.13550364200705 45.735503642007046 46.33550364200705 46.93550364200705 47.53550364200704 48.13550364200705 48.735503642007046 49.33550364200705 49.93550364200705 50.53550364200704 51.135503642007045 51.735503642007046 52.33550364200705 
