7.5
0.9555555555555556 0.9705882352941176 1.0285714285714285 0.9444444444444444 1.0 1.1 0.9642857142857143 0.9523809523809523 1.0 1.0 1.105263157894737 0.9259259259259259 1.0 1.0 1.0 1.2142857142857142 0.8888888888888888 1.0 1.0 1.0714285714285714 0.9230769230769231 1.0 1.0 1.0 1.0 1.0 1.1428571428571428 1.0 0.9090909090909091 1.125 1.0 0.9166666666666666 1.0 1.0 1.2 0.8333333333333334 1.0 1.0 1.0 1.0 1.0 1.0 1.0 1.0 1.0 1.0 1.0 1.0 1.0 1.0 
10.34838544712857 10.948385447128569 11.54838544712857 12.14838544712857 12.74838544712857 13.34838544712857 13.948385447128569 14.54838544712857 15.148385447128568 15.74838544712857 16.34838544712857 16.94838544712857 17.54838544712857 18.148385447128568 18.74838544712857 19.34838544712857 19.94838544712857 20.548385447128567 21.148385447128568 21.74838544712857 22.34838544712857 22.94838544712857 23.548385447128567 24.148385447128568 24.74838544712857 25.34838544712857 25.94838544712857 26.54838544712857 27.148385447128568 27.74838544712857 28.348385447128567 28.94838544712857 29.54838544712857 30.148385447128568 30.74838544712857 31.348385447128567 31.94838544712857 32.54838544712857 33.14838544712857 33.74838544712857 34.348385447128564 34.94838544712857 35.54838544712857 36.14838544712857 36.74838544712857 37.348385447128564 37.94838544712857 38.54838544712857 39.14838544712857 39.74838544712857 
7.5
1.0227272727272727 0.96875 1.0 1.0 1.0 0.9655172413793104 1.0454545454545454 0.9375 1.0 1.0476190476190477 1.0 1.0 1.0454545454545454 1.0384615384615385 0.8947368421052632 0.9375 1.0 1.125 0.8823529411764706 1.0769230769230769 1.2857142857142858 0.8235294117647058 1.0 1.0 1.0 1.0 0.8 1.2727272727272727 0.75 1.1666666666666667 0.9285714285714286 2.6666666666666665 0.6923076923076923 1.0 1.0 1.0 1.25 1.0 1.0 1.25 0.5 1.25 0.75 1.0 1.0 1.0 1.0 1.0 1.0 1.0 
11.067515271121207 11.667515271121207 12.267515271121209 12.867515271121208 13.467515271121208 14.067515271121207 14.667515271121207 15.267515271121209 15.867515271121206 16.467515271121208 17.06751527112121 17.667515271121207 18.26751527112121 18.867515271121206 19.467515271121208 20.06751527112121 20.667515271121207 21.267515271121205 21.867515271121206 22.467515271121208 23.06751527112121 23.667515271121207 24.267515271121205 24.867515271121206 25.467515271121208 26.06751527112121 26.667515271121207 27.26751527112121 27.867515271121206 28.467515271121208 29.067515271121206 29.667515271121207 30.26751527112121 30.867515271121206 31.467515271121208 32.06751527112121 32.667515271121204 33.26751527112121 33.867515271121206 34.46751527112121 35.06751527112121 35.667515271121204 36.26751527112121 36.867515271121206 37.46751527112121 38.06751527112121 38.667515271121204 39.267515271121205 39.867515271121206 40.46751527112121 
7.5
0.7906976744186046 1.0 0.9583333333333334 0.9583333333333334 1.3157894736842106 0.9615384615384616 0.9545454545454546 0.95 0.8235294117647058 1.2666666666666666 1.0416666666666667 0.7647058823529411 1.1153846153846154 1.15 0.9 1.2222222222222223 0.6363636363636364 1.5833333333333333 0.65 1.0 1.2727272727272727 0.9375 1.5 1.8333333333333333 1.1333333333333333 0.23809523809523808 0.25 0.4166666666666667 0.125 0.875 1.0 2.1666666666666665 1.0 1.5 0.8 1.0 0.875 1.3333333333333333 1.25 0.8571428571428571 1.5 1.0 1.0 1.0 1.0 1.0 1.0 1.0 1.0 1.0 
11.667724943945492 12.267724943945492 12.867724943945493 13.467724943945493 14.067724943945493 14.667724943945492 15.267724943945492 15.867724943945493 16.46772494394549 17.067724943945493 17.667724943945494 18.267724943945492 18.867724943945493 19.46772494394549 20.067724943945493 20.667724943945494 21.267724943945492 21.86772494394549 22.46772494394549 23.067724943945493 23.667724943945494 24.267724943945492 24.86772494394549 25.46772494394549 26.067724943945493 26.667724943945494 27.267724943945492 27.867724943945493 28.46772494394549 29.067724943945493 29.66772494394549 30.267724943945492 30.867724943945493 31.46772494394549 32.06772494394549 32.66772494394549 33.267724943945495 33.86772494394549 34.46772494394549 35.06772494394549 35.66772494394549 36.267724943945495 36.86772494394549 37.46772494394549 38.06772494394549 38.66772494394549 39.267724943945495 39.86772494394549 40.46772494394549 41.06772494394549 
7.5
0.6857142857142857 1.096774193548387 1.0 0.6923076923076923 1.1 1.3333333333333333 0.8518518518518519 0.8333333333333334 1.3125 1.0 1.1111111111111112 1.3888888888888888 0.8076923076923077 1.05 1.1111111111111112 1.0454545454545454 1.2 1.125 0.9285714285714286 3.0 3.6666666666666665 0.8461538461538461 0.6666666666666666 0.2 0.25 0.0625 0.08333333333333333 0.14285714285714285 0.1111111111111111 0.125 0.1 0.125 0.07692307692307693 0.25 1.3333333333333333 2.1666666666666665 2.0 1.1428571428571428 5.0 1.5 1.1428571428571428 2.5 2.0 0.75 1.25 2.0 1.0 1.5 2.0 0.6666666666666666 
13.938476786799287 14.538476786799286 15.138476786799288 15.738476786799287 16.338476786799287 16.93847678679929 17.538476786799286 18.138476786799288 18.73847678679929 19.338476786799287 19.93847678679929 20.538476786799286 21.138476786799288 21.73847678679929 22.33847678679929 22.93847678679929 23.538476786799286 24.138476786799288 24.73847678679929 25.33847678679929 25.93847678679929 26.53847678679929 27.138476786799288 27.73847678679929 28.33847678679929 28.93847678679929 29.53847678679929 30.13847678679929 30.73847678679929 31.33847678679929 31.93847678679929 32.53847678679929 33.13847678679929 33.73847678679929 34.33847678679929 34.938476786799285 35.53847678679929 36.13847678679929 36.73847678679929 37.33847678679929 37.93847678679929 38.53847678679929 39.13847678679929 39.738476786799296 40.33847678679929 40.93847678679929 41.53847678679929 42.13847678679929 42.738476786799296 43.33847678679929 
7.5
0.9130434782608695 1.3043478260869565 1.0 1.24 1.4375 1.3333333333333333 1.1428571428571428 0.7692307692307693 0.9130434782608695 1.2941176470588236 1.6666666666666667 0.7727272727272727 2.4615384615384617 1.4166666666666667 0.9411764705882353 1.2941176470588236 0.8461538461538461 0.9285714285714286 0.8461538461538461 1.4 0.47058823529411764 0.6428571428571429 0.2857142857142857 0.23076923076923078 0.08333333333333333 0.375 0.14285714285714285 1.0 0.2 0.09090909090909091 0.1 0.25 0.14285714285714285 0.07142857142857142 0.14285714285714285 0.25 0.16666666666666666 0.14285714285714285 0.1111111111111111 0.5 0.5 1.6666666666666667 7.5 0.6 0.6666666666666666 0.25 2.6666666666666665 2.5 0.8 4.0 
22.669880194213448 23.269880194213446 23.869880194213447 24.469880194213445 25.069880194213447 25.669880194213448 26.269880194213446 26.869880194213447 27.469880194213445 28.069880194213447 28.669880194213448 29.269880194213446 29.869880194213447 30.469880194213445 31.069880194213447 31.669880194213448 32.26988019421344 32.869880194213444 33.469880194213445 34.06988019421345 34.66988019421345 35.26988019421344 35.869880194213444 36.469880194213445 37.06988019421345 37.66988019421345 38.26988019421344 38.86988019421345 39.469880194213445 40.06988019421345 40.66988019421345 41.26988019421344 41.86988019421345 42.469880194213445 43.06988019421345 43.66988019421345 44.26988019421344 44.86988019421345 45.469880194213445 46.06988019421345 46.66988019421345 47.26988019421344 47.86988019421345 48.469880194213445 49.06988019421345 49.66988019421345 50.26988019421344 50.869880194213444 51.469880194213445 52.06988019421345 
