101.30913922236047
1.0 1.04 0.9629629629629629 1.0384615384615385 0.9444444444444444 1.0740740740740742 1.0 0.9444444444444444 0.9545454545454546 1.0 1.0833333333333333 0.8947368421052632 1.0 1.0666666666666667 0.9444444444444444 1.0 1.0 1.0 1.0 1.0 1.0 1.0 1.0 1.0 1.0 1.0 1.0 1.0 1.0 1.0 1.0 1.25 0.6 1.0 1.0 1.0 1.0 1.0 1.5 1.0 0.8 1.0 1.0 1.0 1.0 1.0 1.0 1.0 1.3333333333333333 0.5 
10.772916171183672 11.372916171183672 11.972916171183673 12.572916171183673 13.172916171183672 13.772916171183672 14.372916171183672 14.972916171183673 15.572916171183671 16.172916171183672 16.772916171183674 17.37291617118367 17.972916171183673 18.57291617118367 19.172916171183672 19.772916171183674 20.37291617118367 20.97291617118367 21.57291617118367 22.172916171183672 22.772916171183674 23.37291617118367 23.97291617118367 24.57291617118367 25.172916171183672 25.772916171183674 26.37291617118367 26.972916171183673 27.57291617118367 28.172916171183672 28.77291617118367 29.37291617118367 29.972916171183673 30.57291617118367 31.172916171183672 31.77291617118367 32.372916171183675 32.97291617118367 33.57291617118367 34.17291617118367 34.77291617118367 35.372916171183675 35.97291617118367 36.57291617118367 37.17291617118367 37.77291617118367 38.372916171183675 38.97291617118367 39.57291617118367 40.17291617118367 
101.30913922236047
1.04 1.0 0.9583333333333334 0.95 1.0 1.05 0.9411764705882353 1.0 1.0 1.0909090909090908 1.0 1.0 0.9333333333333333 1.0 1.0909090909090908 1.0 1.0714285714285714 0.9375 1.1428571428571428 0.9 1.0666666666666667 0.8 1.0 1.0 1.0 0.8333333333333334 0.9166666666666666 1.3 0.8333333333333334 1.25 0.5 1.1818181818181819 0.6 1.0 1.2 1.25 0.6666666666666666 1.1428571428571428 0.8 1.0 1.0 1.3333333333333333 0.6666666666666666 1.0 1.0 1.0 1.0 1.0 1.0 1.0 
11.488288897431191 12.088288897431191 12.688288897431192 13.288288897431192 13.888288897431192 14.488288897431193 15.088288897431193 15.688288897431192 16.288288897431194 16.88828889743119 17.488288897431193 18.08828889743119 18.688288897431192 19.288288897431194 19.888288897431195 20.488288897431193 21.08828889743119 21.688288897431192 22.288288897431194 22.888288897431195 23.488288897431193 24.088288897431195 24.688288897431192 25.288288897431194 25.888288897431195 26.488288897431193 27.088288897431195 27.688288897431196 28.288288897431194 28.888288897431195 29.488288897431193 30.088288897431195 30.688288897431196 31.288288897431194 31.888288897431195 32.48828889743119 33.0882888974312 33.68828889743119 34.288288897431194 34.888288897431195 35.4882888974312 36.0882888974312 36.68828889743119 37.2882888974312 37.888288897431195 38.4882888974312 39.0882888974312 39.68828889743119 40.2882888974312 40.888288897431195 
101.30913922236047
0.8918918918918919 0.9714285714285714 1.0869565217391304 0.8695652173913043 1.2173913043478262 0.88 1.0 0.9 1.0 1.1875 1.0 0.9375 1.04 1.0476190476190477 1.0 1.1666666666666667 0.631578947368421 1.3333333333333333 0.875 0.9 1.4545454545454546 1.0 1.5 1.8461538461538463 0.65 0.13333333333333333 0.75 0.21428571428571427 0.1111111111111111 1.3333333333333333 1.25 1.6666666666666667 1.1 1.1666666666666667 1.6666666666666667 0.8 1.0 1.1666666666666667 1.0 1.0 0.6666666666666666 1.3333333333333333 1.0 1.0 1.0 1.0 1.0 1.0 1.0 1.0 
11.76459508829763 12.36459508829763 12.964595088297632 13.564595088297631 14.16459508829763 14.76459508829763 15.36459508829763 15.964595088297632 16.56459508829763 17.16459508829763 17.764595088297632 18.36459508829763 18.96459508829763 19.56459508829763 20.16459508829763 20.764595088297632 21.36459508829763 21.964595088297628 22.56459508829763 23.16459508829763 23.764595088297632 24.36459508829763 24.964595088297628 25.56459508829763 26.16459508829763 26.764595088297632 27.36459508829763 27.96459508829763 28.56459508829763 29.16459508829763 29.76459508829763 30.36459508829763 30.96459508829763 31.56459508829763 32.16459508829763 32.764595088297625 33.364595088297634 33.96459508829763 34.56459508829763 35.16459508829763 35.764595088297625 36.364595088297634 36.96459508829763 37.56459508829763 38.16459508829763 38.764595088297625 39.364595088297634 39.96459508829763 40.56459508829763 41.16459508829763 
101.30913922236047
1.7916666666666667 0.5238095238095238 1.6521739130434783 0.7714285714285715 0.7307692307692307 1.3333333333333333 1.0 0.96 0.7619047619047619 1.5714285714285714 0.95 0.95 1.4210526315789473 0.9545454545454546 1.105263157894737 1.1904761904761905 1.2941176470588236 1.4736842105263157 0.7142857142857143 0.8125 2.6666666666666665 4.2 0.8571428571428571 0.5333333333333333 0.25 0.07692307692307693 0.21428571428571427 0.058823529411764705 0.16666666666666666 0.125 0.125 0.09090909090909091 0.14285714285714285 0.07142857142857142 0.125 0.2 2.6666666666666665 1.625 2.0 3.6666666666666665 1.6666666666666667 0.8888888888888888 2.5 3.5 0.8 1.6 2.5 0.6666666666666666 3.0 1.5 
13.157649540616339 13.757649540616338 14.35764954061634 14.95764954061634 15.557649540616339 16.15764954061634 16.757649540616338 17.35764954061634 17.957649540616337 18.55764954061634 19.15764954061634 19.757649540616338 20.35764954061634 20.957649540616337 21.55764954061634 22.15764954061634 22.757649540616338 23.357649540616336 23.957649540616337 24.55764954061634 25.15764954061634 25.757649540616338 26.357649540616336 26.957649540616337 27.55764954061634 28.15764954061634 28.757649540616338 29.35764954061634 29.957649540616337 30.55764954061634 31.157649540616337 31.757649540616338 32.357649540616336 32.95764954061634 33.55764954061634 34.15764954061633 34.75764954061634 35.357649540616336 35.95764954061634 36.55764954061634 37.15764954061633 37.75764954061634 38.357649540616336 38.95764954061634 39.55764954061634 40.15764954061633 40.75764954061634 41.357649540616336 41.95764954061634 42.55764954061634 
101.30913922236047
1.9473684210526316 1.3461538461538463 0.6451612903225806 0.7575757575757576 1.3888888888888888 0.9130434782608695 1.25 0.9047619047619048 1.36 1.588235294117647 1.1363636363636365 0.84 0.9583333333333334 1.4210526315789473 0.85 2.5555555555555554 1.2272727272727273 1.4 1.6363636363636365 1.25 0.6470588235294118 1.2307692307692308 0.4375 1.3333333333333333 0.6 0.6111111111111112 0.3333333333333333 0.14285714285714285 0.3 0.23076923076923078 0.25 0.23076923076923078 0.6 0.1111111111111111 0.08333333333333333 0.2 0.14285714285714285 0.125 0.07142857142857142 0.14285714285714285 0.3333333333333333 0.125 0.16666666666666666 0.125 0.5 0.14285714285714285 1.5 5.5 2.2 0.3333333333333333 
19.752053319113436 20.352053319113434 20.952053319113435 21.552053319113433 22.152053319113435 22.752053319113436 23.352053319113434 23.952053319113435 24.552053319113433 25.152053319113435 25.752053319113436 26.352053319113434 26.952053319113435 27.552053319113433 28.152053319113435 28.752053319113436 29.352053319113434 29.952053319113432 30.552053319113433 31.152053319113435 31.752053319113436 32.35205331911344 32.95205331911343 33.55205331911343 34.152053319113435 34.752053319113436 35.35205331911344 35.95205331911343 36.55205331911343 37.152053319113435 37.75205331911343 38.35205331911344 38.95205331911343 39.55205331911343 40.152053319113435 40.75205331911343 41.35205331911344 41.95205331911343 42.55205331911343 43.152053319113435 43.75205331911343 44.35205331911344 44.95205331911343 45.55205331911343 46.152053319113435 46.75205331911343 47.35205331911344 47.95205331911343 48.55205331911343 49.152053319113435 
