108.43858577443355
1.0 1.0 1.0 1.0384615384615385 0.9444444444444444 1.0740740740740742 1.0 0.9444444444444444 0.9545454545454546 1.0 1.0833333333333333 0.8947368421052632 1.0 1.0666666666666667 0.9444444444444444 1.0 1.0 1.0 1.0 1.0 1.0 1.0 1.0 1.0 1.0 1.0 1.0 1.0 1.0 1.0 1.0 1.4285714285714286 0.5 1.0 1.0 1.0 1.0 1.0 1.5 1.0 0.8 1.0 1.0 1.0 1.0 1.0 1.0 1.0 1.3333333333333333 0.5 
10.769946926344053 11.369946926344053 11.969946926344054 12.569946926344054 13.169946926344053 13.769946926344053 14.369946926344053 14.969946926344054 15.569946926344052 16.169946926344053 16.769946926344055 17.369946926344053 17.969946926344054 18.569946926344052 19.169946926344053 19.769946926344055 20.369946926344053 20.96994692634405 21.569946926344052 22.169946926344053 22.769946926344055 23.369946926344053 23.96994692634405 24.569946926344052 25.169946926344053 25.769946926344055 26.369946926344053 26.969946926344054 27.569946926344052 28.169946926344053 28.76994692634405 29.369946926344053 29.969946926344054 30.569946926344052 31.169946926344053 31.76994692634405 32.369946926344056 32.96994692634405 33.56994692634405 34.16994692634405 34.76994692634405 35.369946926344056 35.96994692634405 36.56994692634405 37.16994692634405 37.76994692634405 38.369946926344056 38.96994692634405 39.56994692634405 40.16994692634405 
108.43858577443355
0.8888888888888888 0.9705882352941176 1.0 1.0 1.0714285714285714 0.9090909090909091 1.0625 0.9545454545454546 1.125 1.0 1.0 0.9473684210526315 1.0 0.95 1.2 0.9259259259259259 1.0 1.0666666666666667 0.9333333333333333 1.0 1.0 1.0 1.0 1.0 1.0 1.2 1.0 1.0 0.8333333333333334 1.3636363636363635 0.5 1.0833333333333333 0.6 1.0 1.2 1.25 0.6666666666666666 1.1428571428571428 0.8 1.0 1.5 1.0 0.6666666666666666 1.3333333333333333 0.6666666666666666 1.0 1.0 2.0 0.75 1.0 
11.461560058392449 12.061560058392448 12.66156005839245 13.26156005839245 13.861560058392449 14.461560058392449 15.061560058392448 15.66156005839245 16.261560058392448 16.86156005839245 17.46156005839245 18.06156005839245 18.66156005839245 19.261560058392448 19.86156005839245 20.46156005839245 21.06156005839245 21.661560058392446 22.261560058392448 22.86156005839245 23.46156005839245 24.06156005839245 24.661560058392446 25.261560058392448 25.86156005839245 26.46156005839245 27.06156005839245 27.66156005839245 28.261560058392448 28.86156005839245 29.461560058392447 30.06156005839245 30.66156005839245 31.261560058392448 31.86156005839245 32.46156005839245 33.061560058392445 33.66156005839245 34.26156005839245 34.86156005839245 35.46156005839245 36.061560058392445 36.66156005839245 37.26156005839245 37.86156005839245 38.46156005839245 39.061560058392445 39.661560058392446 40.26156005839245 40.86156005839245 
108.43858577443355
0.7727272727272727 0.9722222222222222 1.0454545454545454 0.92 1.25 0.9615384615384616 0.9545454545454546 0.95 0.8235294117647058 1.3571428571428572 1.04 0.75 1.0740740740740742 1.15 0.9473684210526315 1.1578947368421053 0.6363636363636364 1.6666666666666667 0.6842105263157895 0.9 1.6 1.0 1.5833333333333333 2.0 0.8 0.14285714285714285 0.6666666666666666 0.23076923076923078 0.125 0.75 0.9166666666666666 3.0 1.0 1.4285714285714286 0.8 1.0 0.75 1.3333333333333333 1.25 0.8333333333333334 1.3333333333333333 1.0 1.0 1.0 1.0 1.0 1.0 1.0 1.0 1.0 
11.65155287497243 12.251552874972429 12.85155287497243 13.45155287497243 14.05155287497243 14.65155287497243 15.251552874972429 15.85155287497243 16.45155287497243 17.05155287497243 17.65155287497243 18.25155287497243 18.85155287497243 19.45155287497243 20.05155287497243 20.65155287497243 21.25155287497243 21.851552874972427 22.45155287497243 23.05155287497243 23.65155287497243 24.25155287497243 24.851552874972427 25.45155287497243 26.05155287497243 26.65155287497243 27.25155287497243 27.85155287497243 28.45155287497243 29.05155287497243 29.651552874972428 30.25155287497243 30.85155287497243 31.45155287497243 32.05155287497243 32.651552874972424 33.25155287497243 33.85155287497243 34.45155287497243 35.05155287497243 35.651552874972424 36.25155287497243 36.85155287497243 37.45155287497243 38.05155287497243 38.651552874972424 39.25155287497243 39.85155287497243 40.45155287497243 41.05155287497243 
108.43858577443355
1.5909090909090908 0.6666666666666666 1.4615384615384615 0.8529411764705882 0.7586206896551724 1.3529411764705883 0.8333333333333334 1.2 0.6666666666666666 1.7142857142857142 0.95 1.25 1.3333333333333333 0.88 1.2777777777777777 1.125 1.2222222222222223 1.4210526315789473 1.1333333333333333 0.8571428571428571 2.2142857142857144 3.6 0.7692307692307693 0.4666666666666667 0.14285714285714285 0.18181818181818182 0.07142857142857142 0.058823529411764705 0.125 0.16666666666666666 0.1 0.1111111111111111 0.1111111111111111 0.08333333333333333 0.14285714285714285 0.1111111111111111 1.0 2.0 1.1666666666666667 2.8 3.3333333333333335 0.4444444444444444 2.25 5.5 0.8 2.0 3.0 1.0 2.0 1.0 
12.99948782432803 13.59948782432803 14.199487824328031 14.79948782432803 15.39948782432803 15.999487824328032 16.59948782432803 17.19948782432803 17.799487824328033 18.39948782432803 18.999487824328032 19.59948782432803 20.19948782432803 20.799487824328033 21.399487824328034 21.999487824328032 22.59948782432803 23.19948782432803 23.799487824328033 24.399487824328034 24.999487824328032 25.599487824328033 26.19948782432803 26.799487824328033 27.399487824328034 27.999487824328032 28.599487824328033 29.199487824328035 29.799487824328033 30.399487824328034 30.999487824328032 31.599487824328033 32.19948782432803 32.79948782432803 33.399487824328034 33.99948782432803 34.59948782432804 35.19948782432803 35.79948782432803 36.399487824328034 36.999487824328035 37.59948782432804 38.19948782432803 38.79948782432804 39.399487824328034 39.999487824328035 40.59948782432804 41.19948782432803 41.79948782432804 42.399487824328034 
108.43858577443355
1.3333333333333333 1.7894736842105263 0.8571428571428571 0.8928571428571429 0.6666666666666666 1.1666666666666667 1.380952380952381 1.05 0.9259259259259259 1.4444444444444444 1.619047619047619 1.0476190476190477 1.24 0.9230769230769231 1.15 1.5625 1.6 1.2272727272727273 0.8235294117647058 2.6666666666666665 0.47368421052631576 1.0714285714285714 0.6153846153846154 0.9375 0.8333333333333334 0.5833333333333334 0.3333333333333333 0.13333333333333333 0.23076923076923078 0.25 0.3 0.15384615384615385 0.42857142857142855 0.16666666666666666 0.09090909090909091 0.18181818181818182 0.1 0.14285714285714285 0.09090909090909091 0.09090909090909091 0.16666666666666666 0.25 0.16666666666666666 0.1111111111111111 0.16666666666666666 0.5 0.16666666666666666 1.0 1.75 2.5 
19.311003444956697 19.911003444956695 20.511003444956696 21.111003444956694 21.711003444956695 22.311003444956697 22.911003444956695 23.511003444956696 24.111003444956694 24.711003444956695 25.311003444956697 25.911003444956695 26.511003444956696 27.111003444956694 27.711003444956695 28.311003444956697 28.911003444956695 29.511003444956692 30.111003444956694 30.711003444956695 31.311003444956697 31.911003444956695 32.51100344495669 33.111003444956694 33.711003444956695 34.3110034449567 34.91100344495669 35.5110034449567 36.111003444956694 36.711003444956695 37.3110034449567 37.91100344495669 38.5110034449567 39.111003444956694 39.711003444956695 40.3110034449567 40.91100344495669 41.5110034449567 42.111003444956694 42.711003444956695 43.3110034449567 43.91100344495669 44.5110034449567 45.111003444956694 45.711003444956695 46.3110034449567 46.91100344495669 47.51100344495669 48.111003444956694 48.711003444956695 
