66
0.9555555555555556 0.9705882352941176 1.0285714285714285 0.9444444444444444 1.0 1.1 0.9642857142857143 0.9523809523809523 1.0 1.0 1.105263157894737 0.9259259259259259 1.0 1.0 1.0 1.2142857142857142 0.8888888888888888 1.0 1.0 1.0714285714285714 0.9230769230769231 1.0 1.0 1.0 1.0 1.0 1.1428571428571428 1.0 0.9090909090909091 1.125 1.0 0.9166666666666666 1.0 1.0 1.2 0.8333333333333334 1.0 1.0 1.0 1.0 1.0 1.0 1.0 1.0 1.0 1.0 1.0 1.0 1.0 1.0 
10.34839980190453 10.948399801904529 11.54839980190453 12.14839980190453 12.74839980190453 13.34839980190453 13.948399801904529 14.54839980190453 15.148399801904528 15.74839980190453 16.348399801904527 16.94839980190453 17.54839980190453 18.14839980190453 18.74839980190453 19.348399801904527 19.94839980190453 20.54839980190453 21.14839980190453 21.74839980190453 22.348399801904527 22.94839980190453 23.54839980190453 24.148399801904528 24.74839980190453 25.348399801904527 25.94839980190453 26.54839980190453 27.148399801904528 27.74839980190453 28.348399801904527 28.94839980190453 29.54839980190453 30.148399801904528 30.74839980190453 31.348399801904527 31.94839980190453 32.54839980190453 33.14839980190453 33.748399801904526 34.34839980190453 34.94839980190453 35.54839980190453 36.14839980190453 36.748399801904526 37.34839980190453 37.94839980190453 38.54839980190452 39.14839980190453 39.748399801904526 
66
1.0227272727272727 0.96875 1.0769230769230769 0.9130434782608695 1.0526315789473684 0.9333333333333333 1.0952380952380953 0.8823529411764706 1.0 1.1 1.0 0.9411764705882353 0.9545454545454546 1.1153846153846154 0.9444444444444444 0.9375 0.9565217391304348 1.1333333333333333 0.8888888888888888 1.1666666666666667 1.0 0.8823529411764706 1.0 1.0 1.0 1.0 0.8 1.1818181818181819 0.875 1.4 0.9333333333333333 2.6666666666666665 0.6923076923076923 0.75 1.0 1.0 1.25 1.0 1.0 1.0 0.75 1.25 0.75 1.0 1.0 1.0 1.0 1.0 1.0 1.0 
11.05570319793935 11.65570319793935 12.25570319793935 12.85570319793935 13.45570319793935 14.05570319793935 14.65570319793935 15.25570319793935 15.855703197939349 16.45570319793935 17.05570319793935 17.65570319793935 18.25570319793935 18.85570319793935 19.45570319793935 20.05570319793935 20.65570319793935 21.255703197939347 21.85570319793935 22.45570319793935 23.05570319793935 23.65570319793935 24.255703197939347 24.85570319793935 25.45570319793935 26.05570319793935 26.65570319793935 27.25570319793935 27.85570319793935 28.45570319793935 29.055703197939348 29.65570319793935 30.25570319793935 30.85570319793935 31.45570319793935 32.05570319793935 32.655703197939346 33.255703197939354 33.85570319793935 34.45570319793935 35.05570319793935 35.655703197939346 36.255703197939354 36.85570319793935 37.45570319793935 38.05570319793935 38.655703197939346 39.25570319793935 39.85570319793935 40.45570319793935 
66
0.8604651162790697 1.0 1.0434782608695652 0.9583333333333334 1.15 0.9259259259259259 0.9545454545454546 1.05 0.8235294117647058 1.2857142857142858 0.9583333333333334 0.9411764705882353 1.0384615384615385 1.1428571428571428 1.0 1.0 0.7727272727272727 1.5 0.6842105263157895 1.0 1.4 0.7647058823529411 1.5833333333333333 1.8333333333333333 1.2 0.25 0.25 0.38461538461538464 0.125 0.875 1.0 2.8 0.9 1.4285714285714286 0.8 1.0 0.75 1.3333333333333333 1.25 0.8333333333333334 1.3333333333333333 1.0 1.0 1.0 1.0 1.0 1.0 1.0 1.0 1.0 
11.642961031207529 12.242961031207528 12.84296103120753 13.44296103120753 14.042961031207529 14.642961031207529 15.242961031207528 15.84296103120753 16.442961031207528 17.04296103120753 17.642961031207527 18.24296103120753 18.84296103120753 19.44296103120753 20.04296103120753 20.642961031207527 21.24296103120753 21.84296103120753 22.44296103120753 23.04296103120753 23.642961031207527 24.24296103120753 24.84296103120753 25.442961031207528 26.04296103120753 26.642961031207527 27.24296103120753 27.84296103120753 28.442961031207528 29.04296103120753 29.642961031207527 30.24296103120753 30.84296103120753 31.442961031207528 32.042961031207525 32.64296103120753 33.24296103120753 33.84296103120753 34.44296103120753 35.042961031207525 35.64296103120753 36.24296103120753 36.84296103120753 37.44296103120753 38.042961031207525 38.64296103120753 39.24296103120753 39.84296103120752 40.44296103120753 41.042961031207525 
66
0.7741935483870968 1.0588235294117647 0.9310344827586207 0.8333333333333334 0.8260869565217391 1.8571428571428572 0.7586206896551724 0.9444444444444444 1.1176470588235294 1.1875 1.0555555555555556 1.368421052631579 0.8846153846153846 1.05 1.1666666666666667 1.0476190476190477 1.2 1.0 1.0 3.0 2.625 1.0909090909090908 0.5294117647058824 0.2857142857142857 0.18181818181818182 0.058823529411764705 0.09090909090909091 0.14285714285714285 0.1 0.1111111111111111 0.1111111111111111 0.1111111111111111 0.09090909090909091 0.125 2.0 1.8571428571428572 1.8333333333333333 1.6666666666666667 4.0 1.2 1.3333333333333333 2.5 1.75 1.25 1.25 1.5 1.0 1.5 2.0 0.6666666666666666 
13.981464735683579 14.581464735683578 15.18146473568358 15.78146473568358 16.38146473568358 16.98146473568358 17.58146473568358 18.18146473568358 18.781464735683578 19.38146473568358 19.98146473568358 20.58146473568358 21.18146473568358 21.781464735683578 22.38146473568358 22.98146473568358 23.58146473568358 24.181464735683576 24.781464735683578 25.38146473568358 25.98146473568358 26.58146473568358 27.181464735683576 27.781464735683578 28.38146473568358 28.98146473568358 29.58146473568358 30.18146473568358 30.781464735683578 31.38146473568358 31.981464735683577 32.58146473568358 33.181464735683576 33.78146473568358 34.38146473568358 34.98146473568357 35.58146473568358 36.181464735683576 36.78146473568358 37.38146473568358 37.98146473568357 38.58146473568358 39.181464735683576 39.78146473568358 40.38146473568358 40.98146473568357 41.58146473568358 42.181464735683576 42.78146473568358 43.38146473568358 
66
0.9166666666666666 1.4 0.7727272727272727 1.434782608695652 1.2105263157894737 1.3043478260869565 0.8695652173913043 0.9565217391304348 1.263157894736842 0.8571428571428571 2.625 0.782608695652174 2.2 1.3636363636363635 1.2666666666666666 1.0588235294117647 1.0 0.6666666666666666 1.1818181818181819 1.0 0.5882352941176471 0.47058823529411764 0.25 0.23076923076923078 0.1 0.375 0.23076923076923078 0.8 0.1111111111111111 0.08333333333333333 0.1 0.2857142857142857 0.125 0.06666666666666667 0.16666666666666666 0.3333333333333333 0.125 0.14285714285714285 0.14285714285714285 0.5 0.42857142857142855 5.0 5.5 0.4 0.5 0.5 3.6666666666666665 1.1666666666666667 1.6666666666666667 4.5 
22.7769519772701 23.3769519772701 23.9769519772701 24.5769519772701 25.1769519772701 25.7769519772701 26.3769519772701 26.9769519772701 27.5769519772701 28.1769519772701 28.7769519772701 29.3769519772701 29.9769519772701 30.5769519772701 31.1769519772701 31.7769519772701 32.376951977270096 32.9769519772701 33.5769519772701 34.1769519772701 34.7769519772701 35.376951977270096 35.9769519772701 36.5769519772701 37.1769519772701 37.7769519772701 38.376951977270096 38.976951977270105 39.5769519772701 40.1769519772701 40.7769519772701 41.376951977270096 41.976951977270105 42.5769519772701 43.1769519772701 43.7769519772701 44.376951977270096 44.976951977270105 45.5769519772701 46.1769519772701 46.7769519772701 47.376951977270096 47.976951977270105 48.5769519772701 49.1769519772701 49.7769519772701 50.376951977270096 50.9769519772701 51.5769519772701 52.1769519772701 
