95.1923969516804
1.0 1.04 0.9629629629629629 1.0384615384615385 0.9444444444444444 1.0740740740740742 0.9545454545454546 1.0 0.9545454545454546 1.0 1.04 0.9444444444444444 1.0 1.0666666666666667 0.9444444444444444 1.0 1.0 1.0 1.0555555555555556 0.9285714285714286 1.0 1.0 1.0 1.0 1.0 1.0 1.0 1.0 1.0 1.0 1.0 1.25 0.6 1.0 1.0 1.0 1.0 1.0 1.5 1.0 0.8 1.0 1.0 1.0 1.0 1.0 1.0 1.0 1.3333333333333333 0.5 
10.776280952258459 11.376280952258458 11.97628095225846 12.57628095225846 13.176280952258459 13.776280952258459 14.376280952258458 14.97628095225846 15.576280952258458 16.17628095225846 16.77628095225846 17.37628095225846 17.97628095225846 18.576280952258458 19.17628095225846 19.77628095225846 20.37628095225846 20.976280952258456 21.576280952258458 22.17628095225846 22.77628095225846 23.37628095225846 23.976280952258456 24.576280952258458 25.17628095225846 25.77628095225846 26.37628095225846 26.97628095225846 27.576280952258458 28.17628095225846 28.776280952258457 29.37628095225846 29.97628095225846 30.576280952258458 31.17628095225846 31.776280952258457 32.376280952258455 32.97628095225846 33.57628095225846 34.17628095225846 34.77628095225846 35.376280952258455 35.97628095225846 36.57628095225846 37.17628095225846 37.77628095225846 38.376280952258455 38.976280952258456 39.57628095225846 40.17628095225846 
95.1923969516804
0.9230769230769231 1.0606060606060606 0.9583333333333334 0.95 1.0 1.05 0.9411764705882353 1.0 1.0588235294117647 1.1428571428571428 0.9047619047619048 1.0 0.9333333333333333 1.0 1.0909090909090908 1.0 1.0714285714285714 0.9375 1.1428571428571428 0.9 1.0 0.8666666666666667 1.0 1.0 1.0 1.2 0.9230769230769231 1.0 0.8333333333333334 1.3333333333333333 0.5 1.1818181818181819 0.6 1.0 1.2 1.25 0.6666666666666666 1.1428571428571428 0.8 1.0 1.0 1.3333333333333333 0.6666666666666666 1.0 1.0 1.0 1.0 1.0 1.0 1.0 
11.483815452840721 12.083815452840721 12.683815452840722 13.283815452840722 13.883815452840722 14.483815452840721 15.083815452840721 15.683815452840722 16.28381545284072 16.88381545284072 17.483815452840723 18.08381545284072 18.683815452840722 19.28381545284072 19.88381545284072 20.483815452840723 21.08381545284072 21.68381545284072 22.28381545284072 22.88381545284072 23.483815452840723 24.08381545284072 24.68381545284072 25.28381545284072 25.88381545284072 26.483815452840723 27.08381545284072 27.683815452840722 28.28381545284072 28.88381545284072 29.48381545284072 30.08381545284072 30.683815452840722 31.28381545284072 31.88381545284072 32.483815452840716 33.083815452840724 33.68381545284072 34.28381545284072 34.88381545284072 35.483815452840716 36.083815452840724 36.68381545284072 37.28381545284072 37.88381545284072 38.483815452840716 39.083815452840724 39.68381545284072 40.28381545284072 40.88381545284072 
95.1923969516804
0.90625 0.972972972972973 0.9583333333333334 1.2222222222222223 1.0357142857142858 0.9545454545454546 0.9047619047619048 1.0526315789473684 1.2142857142857142 0.95 0.92 1.3333333333333333 0.8620689655172413 0.9130434782608695 1.25 1.05 0.8333333333333334 1.3125 0.8571428571428571 0.7 1.3333333333333333 1.0714285714285714 1.5384615384615385 1.75 0.6666666666666666 0.15384615384615385 0.5 0.25 0.09090909090909091 2.2 1.0 1.6666666666666667 1.1 1.4 1.6666666666666667 0.6666666666666666 1.1428571428571428 1.2 1.0 1.0 1.0 1.0 1.0 1.0 1.0 1.0 1.0 1.0 1.0 1.0 
11.834662092887656 12.434662092887656 13.034662092887658 13.634662092887657 14.234662092887657 14.834662092887658 15.434662092887658 16.034662092887658 16.63466209288766 17.234662092887657 17.83466209288766 18.434662092887656 19.034662092887658 19.63466209288766 20.23466209288766 20.83466209288766 21.434662092887656 22.034662092887658 22.63466209288766 23.23466209288766 23.83466209288766 24.43466209288766 25.034662092887658 25.63466209288766 26.23466209288766 26.83466209288766 27.43466209288766 28.03466209288766 28.63466209288766 29.23466209288766 29.83466209288766 30.43466209288766 31.03466209288766 31.63466209288766 32.23466209288766 32.834662092887655 33.43466209288766 34.03466209288766 34.63466209288766 35.23466209288766 35.83466209288766 36.43466209288766 37.03466209288766 37.634662092887666 38.23466209288766 38.83466209288766 39.43466209288766 40.03466209288766 40.634662092887666 41.23466209288766 
95.1923969516804
1.0810810810810811 0.9615384615384616 0.8888888888888888 1.1071428571428572 0.8260869565217391 0.9090909090909091 1.5 0.7916666666666666 1.1111111111111112 0.8333333333333334 1.2666666666666666 1.2777777777777777 1.15 1.0416666666666667 0.8181818181818182 1.4375 0.9130434782608695 1.3333333333333333 0.8333333333333334 1.0 4.285714285714286 2.2 1.0 0.47058823529411764 0.36363636363636365 0.15384615384615385 0.0625 0.1 0.125 0.1 0.1111111111111111 0.125 0.07692307692307693 0.14285714285714285 0.1111111111111111 3.5 1.8571428571428572 1.6666666666666667 2.0 2.0 1.0 1.5 3.6666666666666665 2.0 1.2 1.0 1.0 1.5 1.5 2.0 
13.442091893435913 14.042091893435913 14.642091893435914 15.242091893435914 15.842091893435914 16.442091893435915 17.042091893435913 17.642091893435914 18.242091893435912 18.842091893435914 19.442091893435915 20.042091893435913 20.642091893435914 21.242091893435912 21.842091893435914 22.442091893435915 23.042091893435913 23.64209189343591 24.242091893435912 24.842091893435914 25.442091893435915 26.042091893435913 26.64209189343591 27.242091893435912 27.842091893435914 28.442091893435915 29.042091893435913 29.642091893435914 30.242091893435912 30.842091893435914 31.44209189343591 32.04209189343591 32.64209189343592 33.24209189343591 33.842091893435914 34.442091893435915 35.04209189343591 35.64209189343592 36.24209189343591 36.842091893435914 37.442091893435915 38.04209189343591 38.64209189343592 39.24209189343591 39.842091893435914 40.442091893435915 41.04209189343591 41.64209189343591 42.24209189343591 42.842091893435914 
95.1923969516804
1.1071428571428572 0.8275862068965517 0.7333333333333333 1.4 1.0434782608695652 1.2857142857142858 0.8461538461538461 1.875 1.2727272727272727 1.0909090909090908 0.875 0.7333333333333333 1.625 1.0625 1.4615384615384615 1.6111111111111112 1.2222222222222223 2.25 1.0 0.7647058823529411 1.5 0.5333333333333333 1.0909090909090908 0.7692307692307693 0.4375 0.6428571428571429 0.23076923076923078 0.16666666666666666 0.2 0.15384615384615385 0.6666666666666666 0.5 0.09090909090909091 0.08333333333333333 0.1 0.2857142857142857 0.1 0.09090909090909091 0.14285714285714285 0.3333333333333333 0.16666666666666666 0.1111111111111111 0.16666666666666666 0.5 0.5 6.0 2.5 0.5 0.2857142857142857 1.0 
20.564371220985464 21.164371220985462 21.764371220985463 22.36437122098546 22.964371220985463 23.564371220985464 24.164371220985462 24.764371220985463 25.36437122098546 25.964371220985463 26.564371220985464 27.164371220985462 27.764371220985463 28.36437122098546 28.964371220985463 29.564371220985464 30.164371220985462 30.76437122098546 31.36437122098546 31.964371220985463 32.564371220985464 33.16437122098546 33.76437122098546 34.36437122098546 34.96437122098546 35.564371220985464 36.16437122098546 36.76437122098547 37.36437122098546 37.96437122098546 38.564371220985464 39.16437122098546 39.76437122098547 40.36437122098546 40.96437122098546 41.564371220985464 42.16437122098546 42.76437122098547 43.36437122098546 43.96437122098546 44.564371220985464 45.16437122098546 45.76437122098547 46.36437122098546 46.96437122098546 47.564371220985464 48.16437122098546 48.76437122098546 49.36437122098546 49.96437122098546 
