1.5
1.0 1.0555555555555556 0.9642857142857143 1.0 1.0333333333333334 1.0 0.9411764705882353 1.0 1.0714285714285714 1.0833333333333333 0.8947368421052632 1.0 1.0769230769230769 0.9 1.0769230769230769 0.9411764705882353 1.0 1.0 1.0 1.0 1.0 1.0 1.0 1.0 1.3333333333333333 0.8571428571428571 1.0 1.0 1.0 1.0 1.0 1.0 1.0 1.25 0.5 1.0 1.0 1.25 0.6666666666666666 1.0 1.0 1.0 1.0 1.0 1.0 1.0 1.0 1.0 1.0 1.0 
15.6 16.2 16.8 17.4 18.0 18.6 19.2 19.8 20.4 21.0 21.6 22.2 22.8 23.4 24.0 24.6 25.2 25.799999999999997 26.4 27.0 27.6 28.2 28.799999999999997 29.4 30.0 30.6 31.2 31.8 32.4 33.0 33.599999999999994 34.2 34.8 35.4 36.0 36.599999999999994 37.2 37.8 38.4 39.0 39.599999999999994 40.2 40.8 41.4 42.0 42.599999999999994 43.2 43.8 44.4 45.0 
1.5
1.0476190476190477 0.9411764705882353 1.05 0.9047619047619048 1.0526315789473684 1.0740740740740742 0.8636363636363636 1.0 1.08 0.9333333333333333 0.9333333333333333 1.0 1.25 0.9333333333333333 0.9333333333333333 1.0 1.0 0.9444444444444444 1.1428571428571428 1.25 0.8666666666666667 0.8333333333333334 2.3333333333333335 0.45454545454545453 0.9166666666666666 1.0 1.0 1.2 1.0 0.8571428571428571 1.0 1.6666666666666667 0.6666666666666666 1.0 1.0 1.0 1.5 0.75 1.3333333333333333 0.6666666666666666 1.0 1.0 1.25 0.6666666666666666 1.0 1.0 1.0 1.0 1.0 1.0 
15.6 16.2 16.8 17.4 18.0 18.6 19.2 19.8 20.4 21.0 21.6 22.2 22.8 23.4 24.0 24.6 25.2 25.799999999999997 26.4 27.0 27.6 28.2 28.799999999999997 29.4 30.0 30.6 31.2 31.8 32.4 33.0 33.599999999999994 34.2 34.8 35.4 36.0 36.599999999999994 37.2 37.8 38.4 39.0 39.599999999999994 40.2 40.8 41.4 42.0 42.599999999999994 43.2 43.8 44.4 45.0 
1.5
0.7368421052631579 1.0526315789473684 1.0555555555555556 1.263157894736842 0.7272727272727273 1.5 0.92 0.8095238095238095 1.0 1.0476190476190477 1.1666666666666667 1.0 0.7142857142857143 1.5714285714285714 1.2142857142857142 1.1538461538461537 1.4666666666666666 1.1764705882352942 0.5 0.2 0.5714285714285714 0.15384615384615385 0.3 2.75 1.0 1.3333333333333333 1.25 1.5 1.3333333333333333 0.8571428571428571 1.0 1.0 1.5 1.0 1.0 1.0 0.75 1.5 1.0 1.0 1.0 1.0 1.0 1.0 1.0 1.0 1.0 1.0 1.0 1.0 
15.6 16.2 16.8 17.4 18.0 18.6 19.2 19.8 20.4 21.0 21.6 22.2 22.8 23.4 24.0 24.6 25.2 25.799999999999997 26.4 27.0 27.6 28.2 28.799999999999997 29.4 30.0 30.6 31.2 31.8 32.4 33.0 33.599999999999994 34.2 34.8 35.4 36.0 36.599999999999994 37.2 37.8 38.4 39.0 39.599999999999994 40.2 40.8 41.4 42.0 42.599999999999994 43.2 43.8 44.4 45.0 
1.5
0.6785714285714286 1.3333333333333333 1.0 1.0416666666666667 0.7619047619047619 1.3125 0.8571428571428571 1.25 1.368421052631579 0.7916666666666666 1.105263157894737 1.3157894736842106 1.0526315789473684 1.3157894736842106 1.105263157894737 0.7058823529411765 2.8181818181818183 3.8 1.1428571428571428 0.6666666666666666 0.38461538461538464 0.07692307692307693 0.14285714285714285 0.058823529411764705 0.16666666666666666 0.125 0.125 0.1 0.125 0.07142857142857142 0.14285714285714285 0.6 4.333333333333333 1.25 1.4285714285714286 5.5 2.0 0.7777777777777778 2.75 3.5 0.6 1.2 2.5 0.6666666666666666 3.0 1.5 0.3333333333333333 0.75 1.25 1.3333333333333333 
15.6 16.2 16.8 17.4 18.0 18.6 19.2 19.8 20.4 21.0 21.6 22.2 22.8 23.4 24.0 24.6 25.2 25.799999999999997 26.4 27.0 27.6 28.2 28.799999999999997 29.4 30.0 30.6 31.2 31.8 32.4 33.0 33.599999999999994 34.2 34.8 35.4 36.0 36.599999999999994 37.2 37.8 38.4 39.0 39.599999999999994 40.2 40.8 41.4 42.0 42.599999999999994 43.2 43.8 44.4 45.0 
1.5
0.9523809523809523 1.1578947368421053 1.5294117647058822 0.9230769230769231 1.0 1.1363636363636365 0.8461538461538461 1.894736842105263 1.1923076923076923 0.7096774193548387 0.75 1.411764705882353 0.92 1.35 0.8181818181818182 1.4545454545454546 1.25 1.3043478260869565 0.8636363636363636 0.875 1.4444444444444444 0.8571428571428571 2.111111111111111 0.9090909090909091 2.0 1.3636363636363635 1.2 1.1875 0.9285714285714286 0.7222222222222222 1.2 1.0 0.5294117647058824 0.4444444444444444 0.2727272727272727 0.23076923076923078 0.1 0.375 0.23076923076923078 0.8 0.08333333333333333 0.1111111111111111 0.1 0.2857142857142857 0.1111111111111111 0.07142857142857142 0.16666666666666666 0.3333333333333333 0.125 0.14285714285714285 
15.6 16.2 16.8 17.4 18.0 18.6 19.2 19.8 20.4 21.0 21.6 22.2 22.8 23.4 24.0 24.6 25.2 25.799999999999997 26.4 27.0 27.6 28.2 28.799999999999997 29.4 30.0 30.6 31.2 31.8 32.4 33.0 33.599999999999994 34.2 34.8 35.4 36.0 36.599999999999994 37.2 37.8 38.4 39.0 39.599999999999994 40.2 40.8 41.4 42.0 42.599999999999994 43.2 43.8 44.4 45.0 
