264
1.0232558139534884 0.9696969696969697 1.0 1.0 1.0 1.0476190476190477 0.9642857142857143 1.0 1.0588235294117647 1.0 1.05 0.9230769230769231 1.0 1.0 1.0 1.0 1.0 1.0 1.0 1.0714285714285714 0.9230769230769231 1.0 1.0 1.0 1.0 1.0 1.0 1.0 1.0 1.0 1.0 1.0 1.0 1.0 1.0 1.0 1.0 1.0 1.0 1.0 1.0 1.0 1.0 1.0 1.0 1.0 1.0 1.0 1.0 1.0 
10.361993300152838 10.961993300152837 11.561993300152839 12.161993300152838 12.761993300152838 13.361993300152838 13.961993300152837 14.561993300152839 15.161993300152837 15.761993300152838 16.36199330015284 16.961993300152837 17.56199330015284 18.161993300152837 18.761993300152838 19.36199330015284 19.961993300152837 20.561993300152835 21.161993300152837 21.761993300152838 22.36199330015284 22.961993300152837 23.561993300152835 24.161993300152837 24.761993300152838 25.36199330015284 25.961993300152837 26.56199330015284 27.161993300152837 27.761993300152838 28.361993300152836 28.961993300152837 29.56199330015284 30.161993300152837 30.761993300152838 31.361993300152836 31.961993300152837 32.561993300152835 33.16199330015284 33.76199330015284 34.36199330015283 34.96199330015284 35.561993300152835 36.16199330015284 36.76199330015284 37.36199330015283 37.96199330015284 38.561993300152835 39.16199330015284 39.76199330015284 
264
1.0 1.0 1.0357142857142858 1.0 0.95 1.0 1.0434782608695652 1.0666666666666667 0.9 1.0 1.0 1.0 1.0 1.0 1.0588235294117647 0.9375 1.0 1.0 1.0 1.0 1.0 1.0 1.0 1.0 0.9090909090909091 1.25 0.6 1.2727272727272727 0.75 1.1428571428571428 1.0 1.2857142857142858 0.9 1.0 1.0 1.0 1.0 1.2 0.8571428571428571 1.25 0.6666666666666666 1.25 0.75 1.0 1.0 1.0 1.0 1.0 1.5 0.6666666666666666 
11.110190691467393 11.710190691467393 12.310190691467394 12.910190691467394 13.510190691467393 14.110190691467393 14.710190691467393 15.310190691467394 15.910190691467392 16.510190691467393 17.110190691467395 17.710190691467393 18.310190691467394 18.910190691467392 19.510190691467393 20.110190691467395 20.710190691467393 21.31019069146739 21.910190691467392 22.510190691467393 23.110190691467395 23.710190691467393 24.31019069146739 24.910190691467392 25.510190691467393 26.110190691467395 26.710190691467393 27.310190691467394 27.910190691467392 28.510190691467393 29.11019069146739 29.710190691467393 30.310190691467394 30.910190691467392 31.510190691467393 32.110190691467395 32.71019069146739 33.3101906914674 33.91019069146739 34.51019069146739 35.110190691467395 35.71019069146739 36.3101906914674 36.91019069146739 37.51019069146739 38.110190691467395 38.71019069146739 39.31019069146739 39.91019069146739 40.51019069146739 
264
0.9117647058823529 1.0571428571428572 1.0434782608695652 0.8181818181818182 1.1666666666666667 0.8846153846153846 1.0 0.95 1.0714285714285714 1.1111111111111112 1.1304347826086956 0.75 1.0769230769230769 1.0454545454545454 0.85 1.1578947368421053 0.7368421052631579 1.4615384615384615 0.7647058823529411 1.0 1.1818181818181819 0.9333333333333333 1.25 1.7692307692307692 0.9 0.2 0.5 0.2857142857142857 1.2 1.5 0.9166666666666666 1.6 0.8181818181818182 1.6 1.3333333333333333 0.8 1.1428571428571428 1.1666666666666667 1.0 1.0 1.0 1.0 1.0 1.0 1.0 1.0 1.0 1.0 1.0 1.0 
11.788058583917676 12.388058583917676 12.988058583917677 13.588058583917677 14.188058583917677 14.788058583917678 15.388058583917678 15.988058583917677 16.58805858391768 17.188058583917677 17.788058583917678 18.388058583917676 18.988058583917677 19.58805858391768 20.18805858391768 20.788058583917678 21.388058583917676 21.988058583917677 22.58805858391768 23.18805858391768 23.788058583917678 24.38805858391768 24.988058583917677 25.58805858391768 26.18805858391768 26.788058583917678 27.38805858391768 27.98805858391768 28.58805858391768 29.18805858391768 29.788058583917678 30.38805858391768 30.98805858391768 31.58805858391768 32.18805858391768 32.788058583917675 33.38805858391768 33.98805858391768 34.58805858391768 35.18805858391768 35.78805858391768 36.38805858391768 36.98805858391768 37.588058583917686 38.18805858391768 38.78805858391768 39.38805858391768 39.98805858391768 40.588058583917686 41.18805858391768 
264
1.24 0.90625 0.9310344827586207 1.1666666666666667 0.782608695652174 1.380952380952381 0.782608695652174 1.2 0.75 1.1875 1.4705882352941178 0.8 1.4444444444444444 0.8333333333333334 1.1666666666666667 1.05 1.2352941176470589 0.8333333333333334 0.7333333333333333 10.333333333333334 1.3125 0.8571428571428571 0.8333333333333334 0.36363636363636365 0.06666666666666667 0.11764705882352941 0.125 0.16666666666666666 0.1111111111111111 0.2 0.125 0.07692307692307693 0.3333333333333333 1.5555555555555556 9.0 0.875 2.4 1.6 2.0 0.5555555555555556 2.25 2.0 0.4 1.25 2.5 0.6666666666666666 2.0 1.0 1.0 1.5 
14.2454902819688 14.8454902819688 15.445490281968802 16.045490281968803 16.6454902819688 17.245490281968802 17.8454902819688 18.4454902819688 19.045490281968803 19.6454902819688 20.245490281968802 20.8454902819688 21.4454902819688 22.045490281968803 22.645490281968804 23.245490281968802 23.8454902819688 24.4454902819688 25.045490281968803 25.645490281968804 26.245490281968802 26.845490281968804 27.4454902819688 28.045490281968803 28.645490281968804 29.245490281968802 29.845490281968804 30.445490281968805 31.045490281968803 31.645490281968804 32.2454902819688 32.84549028196881 33.4454902819688 34.0454902819688 34.645490281968804 35.2454902819688 35.84549028196881 36.4454902819688 37.0454902819688 37.645490281968804 38.245490281968806 38.84549028196881 39.4454902819688 40.04549028196881 40.645490281968804 41.245490281968806 41.84549028196881 42.4454902819688 43.04549028196881 43.645490281968804 
264
1.3 0.7037037037037037 1.4444444444444444 1.0476190476190477 1.380952380952381 1.04 0.7307692307692307 1.15 1.4375 1.2222222222222223 0.8260869565217391 1.5625 2.1 1.3529411764705883 1.0 1.2307692307692308 1.0625 1.0833333333333333 0.75 0.6666666666666666 0.6 0.38461538461538464 0.5 0.3 0.07692307692307693 0.42857142857142855 0.5 0.36363636363636365 0.09090909090909091 0.1111111111111111 0.2857142857142857 0.16666666666666666 0.09090909090909091 0.16666666666666666 0.25 0.16666666666666666 0.4444444444444444 0.5 5.5 1.0 3.0 1.3333333333333333 1.0 1.0 1.6666666666666667 4.5 1.0 1.25 2.0 1.3333333333333333 
23.50342710789615 24.10342710789615 24.70342710789615 25.303427107896148 25.90342710789615 26.50342710789615 27.10342710789615 27.70342710789615 28.303427107896148 28.90342710789615 29.50342710789615 30.10342710789615 30.70342710789615 31.303427107896148 31.90342710789615 32.50342710789615 33.10342710789615 33.70342710789615 34.30342710789615 34.90342710789615 35.50342710789615 36.10342710789615 36.70342710789615 37.30342710789615 37.90342710789615 38.50342710789615 39.10342710789615 39.70342710789615 40.30342710789615 40.90342710789615 41.503427107896144 42.10342710789615 42.70342710789615 43.30342710789615 43.90342710789615 44.503427107896144 45.10342710789615 45.70342710789615 46.30342710789615 46.90342710789615 47.503427107896144 48.10342710789615 48.70342710789615 49.30342710789615 49.90342710789615 50.503427107896144 51.10342710789615 51.70342710789615 52.30342710789615 52.90342710789615 
