75
1.0 1.0384615384615385 0.9615384615384616 1.0 1.0 1.0 1.0 1.0 1.0 1.0 1.0769230769230769 0.8823529411764706 1.0 1.0 1.0 1.0 1.0 1.0 1.0555555555555556 0.9285714285714286 1.0 1.0 1.0 1.0 1.0 1.0 1.0 1.0 1.0 1.0 1.0 1.1111111111111112 0.75 1.0 1.0 1.0 1.0 1.0 1.0 1.0 1.0 1.0 1.0 1.0 1.0 1.0 1.0 1.0 1.0 1.0 
10.790886827313686 11.390886827313686 11.990886827313687 12.590886827313687 13.190886827313687 13.790886827313688 14.390886827313688 14.990886827313687 15.590886827313687 16.190886827313687 16.790886827313688 17.390886827313686 17.990886827313687 18.59088682731369 19.19088682731369 19.790886827313688 20.390886827313686 20.990886827313687 21.59088682731369 22.19088682731369 22.790886827313688 23.39088682731369 23.990886827313687 24.59088682731369 25.19088682731369 25.790886827313688 26.39088682731369 26.99088682731369 27.59088682731369 28.19088682731369 28.790886827313688 29.39088682731369 29.99088682731369 30.59088682731369 31.19088682731369 31.790886827313688 32.39088682731369 32.99088682731369 33.59088682731369 34.19088682731369 34.79088682731369 35.39088682731369 35.99088682731369 36.590886827313696 37.19088682731369 37.79088682731369 38.39088682731369 38.99088682731369 39.590886827313696 40.19088682731369 
75
1.0 0.96875 0.9523809523809523 1.05 0.9666666666666667 1.0 1.0 1.0 1.1111111111111112 0.9090909090909091 1.0 1.0 1.0 1.0 1.0769230769230769 0.96 1.0 1.0 1.0 1.0 1.0 1.0 0.9090909090909091 0.9473684210526315 1.0625 0.8888888888888888 1.2222222222222223 0.7272727272727273 1.6 0.9333333333333333 1.0 1.0769230769230769 1.3333333333333333 1.0 1.0 0.8 1.25 0.875 1.0 1.0 1.3333333333333333 0.75 1.0 1.0 1.0 1.0 1.0 1.0 1.0 1.0 
11.570087481688846 12.170087481688846 12.770087481688847 13.370087481688847 13.970087481688847 14.570087481688848 15.170087481688848 15.770087481688847 16.37008748168885 16.970087481688847 17.570087481688848 18.170087481688846 18.770087481688847 19.37008748168885 19.97008748168885 20.570087481688848 21.170087481688846 21.770087481688847 22.37008748168885 22.97008748168885 23.570087481688848 24.17008748168885 24.770087481688847 25.37008748168885 25.97008748168885 26.570087481688848 27.17008748168885 27.77008748168885 28.37008748168885 28.97008748168885 29.570087481688848 30.17008748168885 30.77008748168885 31.37008748168885 31.97008748168885 32.570087481688844 33.17008748168885 33.77008748168885 34.37008748168885 34.97008748168885 35.57008748168885 36.17008748168885 36.77008748168885 37.370087481688856 37.97008748168885 38.57008748168885 39.17008748168885 39.77008748168885 40.370087481688856 40.97008748168885 
75
0.9736842105263158 0.8846153846153846 1.1428571428571428 0.9090909090909091 1.0 0.9565217391304348 1.1111111111111112 1.1333333333333333 0.8333333333333334 1.0 1.0625 1.0833333333333333 0.8695652173913043 1.2352941176470589 0.95 1.105263157894737 0.7058823529411765 1.0555555555555556 0.9090909090909091 1.2222222222222223 1.1428571428571428 1.0714285714285714 1.6363636363636365 1.2352941176470589 0.35 0.4 0.18181818181818182 0.9 1.75 0.8888888888888888 1.2857142857142858 1.0 1.0 1.0 1.0 1.2 1.0 1.2 1.0 1.0 1.0 1.0 1.0 1.0 1.0 1.0 1.0 1.0 1.0 1.0 
12.172311746002825 12.772311746002824 13.372311746002826 13.972311746002825 14.572311746002825 15.172311746002825 15.772311746002824 16.372311746002826 16.972311746002823 17.572311746002825 18.172311746002826 18.772311746002824 19.372311746002826 19.972311746002823 20.572311746002825 21.172311746002826 21.772311746002824 22.372311746002822 22.972311746002823 23.572311746002825 24.172311746002826 24.772311746002824 25.372311746002822 25.972311746002823 26.572311746002825 27.172311746002826 27.772311746002824 28.372311746002826 28.972311746002823 29.572311746002825 30.172311746002823 30.772311746002824 31.372311746002826 31.972311746002823 32.572311746002825 33.17231174600282 33.77231174600283 34.37231174600282 34.97231174600282 35.572311746002825 36.17231174600282 36.77231174600283 37.37231174600282 37.97231174600282 38.572311746002825 39.17231174600282 39.77231174600283 40.37231174600282 40.97231174600282 41.572311746002825 
75
1.08 0.9117647058823529 0.9666666666666667 1.2352941176470589 0.7916666666666666 1.3 0.7916666666666666 1.4285714285714286 0.75 1.1875 1.1111111111111112 0.96 1.3333333333333333 0.875 1.2941176470588236 1.0 1.4666666666666666 0.7142857142857143 0.7857142857142857 6.2 1.5833333333333333 0.9375 0.7142857142857143 0.36363636363636365 0.07142857142857142 0.11764705882352941 0.125 0.16666666666666666 0.1 0.1111111111111111 0.2222222222222222 0.08333333333333333 0.2857142857142857 1.5555555555555556 8.0 1.2857142857142858 1.6666666666666667 1.8 2.0 0.5555555555555556 2.5 2.0 0.4 1.25 2.5 0.6666666666666666 1.5 1.5 1.0 1.5 
14.194639190203054 14.794639190203053 15.394639190203055 15.994639190203054 16.594639190203054 17.194639190203056 17.794639190203053 18.394639190203055 18.994639190203053 19.594639190203054 20.194639190203056 20.794639190203053 21.394639190203055 21.994639190203053 22.594639190203054 23.194639190203056 23.794639190203053 24.39463919020305 24.994639190203053 25.594639190203054 26.194639190203056 26.794639190203053 27.39463919020305 27.994639190203053 28.594639190203054 29.194639190203056 29.794639190203053 30.394639190203055 30.994639190203053 31.594639190203054 32.19463919020305 32.79463919020306 33.39463919020305 33.99463919020305 34.594639190203054 35.19463919020305 35.79463919020306 36.39463919020305 36.99463919020305 37.594639190203054 38.19463919020305 38.79463919020306 39.39463919020305 39.99463919020305 40.594639190203054 41.19463919020305 41.79463919020306 42.39463919020305 42.99463919020305 43.594639190203054 
75
1.0 1.1363636363636365 1.15 0.6538461538461539 1.8823529411764706 1.2380952380952381 1.25 0.8214285714285714 0.625 1.5294117647058822 1.3076923076923077 0.8421052631578947 1.5333333333333334 1.9166666666666667 1.4666666666666666 1.1176470588235294 1.2142857142857142 1.1428571428571428 1.0 1.2222222222222223 0.5294117647058824 0.8125 0.4166666666666667 0.42857142857142855 0.3333333333333333 0.25 0.2 0.5 0.6666666666666666 0.14285714285714285 0.1 0.1111111111111111 0.2857142857142857 0.18181818181818182 0.1 0.25 0.2 0.14285714285714285 0.5555555555555556 3.6666666666666665 0.6 1.5 3.5 1.0 1.0 1.0 2.3333333333333335 2.5 0.6 3.0 
22.594621456410493 23.19462145641049 23.794621456410493 24.39462145641049 24.994621456410492 25.594621456410493 26.19462145641049 26.794621456410493 27.39462145641049 27.994621456410492 28.594621456410493 29.19462145641049 29.794621456410493 30.39462145641049 30.994621456410492 31.594621456410493 32.19462145641049 32.79462145641049 33.39462145641049 33.99462145641049 34.59462145641049 35.19462145641049 35.79462145641049 36.39462145641049 36.99462145641049 37.59462145641049 38.19462145641049 38.794621456410496 39.39462145641049 39.99462145641049 40.59462145641049 41.19462145641049 41.794621456410496 42.39462145641049 42.99462145641049 43.59462145641049 44.19462145641049 44.794621456410496 45.39462145641049 45.99462145641049 46.59462145641049 47.19462145641049 47.794621456410496 48.39462145641049 48.99462145641049 49.59462145641049 50.19462145641049 50.79462145641049 51.39462145641049 51.99462145641049 
