132
0.9555555555555556 1.0 1.0 1.0 1.0 1.1 0.9310344827586207 1.0 1.0588235294117647 0.9473684210526315 1.05 0.9615384615384616 1.0 1.0 1.0 1.0625 0.96 1.0 1.0 1.0714285714285714 0.9230769230769231 1.0 1.0 1.0 1.0 1.0 1.0 1.0 1.0 1.125 0.8888888888888888 1.0 1.0 1.0 1.2 0.8333333333333334 1.0 1.0 1.0 1.0 1.0 1.0 1.0 1.0 1.0 1.0 1.0 1.0 1.0 1.0 
10.354885388097786 10.954885388097786 11.554885388097787 12.154885388097787 12.754885388097787 13.354885388097788 13.954885388097788 14.554885388097787 15.154885388097787 15.754885388097787 16.354885388097788 16.954885388097786 17.554885388097787 18.15488538809779 18.75488538809779 19.354885388097788 19.954885388097786 20.554885388097787 21.15488538809779 21.75488538809779 22.354885388097788 22.95488538809779 23.554885388097787 24.15488538809779 24.75488538809779 25.354885388097788 25.95488538809779 26.55488538809779 27.15488538809779 27.75488538809779 28.354885388097788 28.95488538809779 29.55488538809779 30.15488538809779 30.75488538809779 31.354885388097788 31.95488538809779 32.55488538809779 33.15488538809779 33.75488538809779 34.35488538809779 34.95488538809779 35.55488538809779 36.154885388097796 36.75488538809779 37.35488538809779 37.95488538809779 38.55488538809779 39.154885388097796 39.75488538809779 
132
1.0 1.0 1.0 0.9523809523809523 1.1578947368421053 1.0 0.9090909090909091 1.0 1.0555555555555556 0.9523809523809523 1.05 0.9444444444444444 0.9565217391304348 1.0833333333333333 0.9 1.0 1.0434782608695652 0.9375 1.0 1.0909090909090908 1.125 1.0 1.0 0.9090909090909091 0.95 1.1428571428571428 0.7777777777777778 1.0909090909090908 0.8888888888888888 1.4 0.8666666666666667 2.6666666666666665 0.6923076923076923 0.75 1.0 1.0 1.25 1.0 0.8571428571428571 1.0 1.0 1.0 1.3333333333333333 1.0 0.75 1.0 1.25 0.5 1.0 1.0 
11.024458913506864 11.624458913506864 12.224458913506865 12.824458913506865 13.424458913506864 14.024458913506866 14.624458913506865 15.224458913506865 15.824458913506865 16.424458913506864 17.024458913506866 17.624458913506864 18.224458913506865 18.824458913506867 19.424458913506868 20.024458913506866 20.624458913506864 21.224458913506865 21.824458913506867 22.424458913506868 23.024458913506866 23.624458913506867 24.224458913506865 24.824458913506867 25.424458913506868 26.024458913506866 26.624458913506867 27.22445891350687 27.824458913506867 28.424458913506868 29.024458913506866 29.624458913506867 30.22445891350687 30.824458913506867 31.424458913506868 32.02445891350686 32.62445891350687 33.224458913506865 33.82445891350687 34.42445891350687 35.02445891350687 35.62445891350687 36.224458913506865 36.824458913506874 37.42445891350687 38.02445891350687 38.62445891350687 39.224458913506865 39.824458913506874 40.42445891350687 
132
1.0238095238095237 1.0285714285714285 0.8518518518518519 1.1304347826086956 0.8636363636363636 1.04 0.9166666666666666 1.3125 0.9444444444444444 0.8333333333333334 1.0 1.0625 1.173913043478261 0.8695652173913043 1.1111111111111112 1.0 1.1764705882352942 0.8235294117647058 0.9 0.8181818181818182 1.4444444444444444 1.1428571428571428 1.0714285714285714 2.0 1.3125 0.25 0.5 0.09090909090909091 0.3 1.5 1.0 1.7142857142857142 0.8 1.4285714285714286 0.8 0.75 1.4 1.0 0.8 0.75 1.4 1.0 1.0 1.0 1.0 1.0 1.0 1.0 1.0 1.0 
11.552722555548323 12.152722555548323 12.752722555548324 13.352722555548324 13.952722555548323 14.552722555548323 15.152722555548323 15.752722555548324 16.352722555548322 16.952722555548323 17.55272255554832 18.152722555548323 18.752722555548324 19.352722555548326 19.952722555548323 20.55272255554832 21.152722555548323 21.752722555548324 22.352722555548326 22.952722555548323 23.55272255554832 24.152722555548323 24.752722555548324 25.352722555548322 25.952722555548323 26.55272255554832 27.152722555548323 27.752722555548324 28.352722555548322 28.952722555548323 29.55272255554832 30.152722555548323 30.752722555548324 31.352722555548322 31.952722555548323 32.55272255554832 33.15272255554832 33.752722555548324 34.352722555548326 34.95272255554832 35.55272255554832 36.15272255554832 36.752722555548324 37.352722555548326 37.95272255554832 38.55272255554832 39.15272255554832 39.75272255554832 40.352722555548326 40.95272255554832 
132
1.08 0.9117647058823529 0.9333333333333333 1.105263157894737 0.782608695652174 1.45 0.7727272727272727 1.1875 0.8 1.2666666666666666 1.3157894736842106 0.8333333333333334 1.4444444444444444 0.782608695652174 1.411764705882353 1.0476190476190477 1.2941176470588236 0.75 1.0714285714285714 4.833333333333333 2.090909090909091 0.8571428571428571 0.4117647058823529 0.3 0.13333333333333333 0.06666666666666667 0.14285714285714285 0.2222222222222222 0.1111111111111111 0.1 0.125 0.08333333333333333 0.125 0.3333333333333333 14.0 1.375 1.6666666666666667 2.4 2.0 1.2857142857142858 1.8333333333333333 2.0 0.6 1.6666666666666667 1.6666666666666667 0.3333333333333333 2.0 1.0 1.0 1.5 
14.14213762083792 14.74213762083792 15.34213762083792 15.94213762083792 16.54213762083792 17.14213762083792 17.74213762083792 18.34213762083792 18.94213762083792 19.54213762083792 20.14213762083792 20.74213762083792 21.34213762083792 21.94213762083792 22.54213762083792 23.14213762083792 23.74213762083792 24.342137620837917 24.94213762083792 25.54213762083792 26.14213762083792 26.74213762083792 27.342137620837917 27.94213762083792 28.54213762083792 29.14213762083792 29.74213762083792 30.34213762083792 30.94213762083792 31.54213762083792 32.142137620837914 32.74213762083792 33.34213762083792 33.94213762083792 34.54213762083792 35.142137620837914 35.74213762083792 36.34213762083792 36.94213762083792 37.54213762083792 38.142137620837914 38.74213762083792 39.34213762083792 39.94213762083792 40.54213762083792 41.142137620837914 41.74213762083792 42.34213762083792 42.94213762083792 43.54213762083792 
132
1.173913043478261 0.8888888888888888 1.24 1.4705882352941178 1.173913043478261 1.1428571428571428 0.8846153846153846 0.9130434782608695 1.1666666666666667 1.4545454545454546 0.7727272727272727 2.5384615384615383 1.5 1.2352941176470589 1.0588235294117647 0.9230769230769231 1.3571428571428572 0.6153846153846154 1.1 0.6470588235294118 0.4 0.6153846153846154 0.23076923076923078 0.16666666666666666 0.375 0.07142857142857142 1.0 0.3 0.18181818181818182 0.1 0.125 0.2857142857142857 0.07142857142857142 0.125 0.3333333333333333 0.16666666666666666 0.125 0.125 1.5 1.0 4.0 2.5 0.6 0.16666666666666666 1.75 3.6666666666666665 1.6 0.25 3.0 0.8 
23.28910857097327 23.889108570973267 24.48910857097327 25.089108570973266 25.689108570973268 26.28910857097327 26.889108570973267 27.48910857097327 28.089108570973266 28.689108570973268 29.28910857097327 29.889108570973267 30.48910857097327 31.089108570973266 31.689108570973268 32.28910857097327 32.889108570973264 33.489108570973265 34.089108570973266 34.68910857097327 35.28910857097327 35.889108570973264 36.489108570973265 37.089108570973266 37.68910857097327 38.28910857097327 38.889108570973264 39.48910857097327 40.089108570973266 40.68910857097327 41.28910857097327 41.889108570973264 42.48910857097327 43.089108570973266 43.68910857097327 44.28910857097327 44.889108570973264 45.48910857097327 46.089108570973266 46.68910857097327 47.28910857097327 47.889108570973264 48.48910857097327 49.089108570973266 49.68910857097327 50.28910857097327 50.889108570973264 51.489108570973265 52.089108570973266 52.68910857097327 
