75
1.0 1.04 0.9629629629629629 1.0384615384615385 0.9444444444444444 1.0740740740740742 0.9545454545454546 1.0 0.9545454545454546 1.0 1.04 0.9444444444444444 1.0 1.0666666666666667 0.9444444444444444 1.0 1.0 1.0 1.0555555555555556 0.9285714285714286 1.0 1.0 1.0 1.0 1.0 1.0 1.0 1.0 1.0 1.0 1.0 1.25 0.6 1.0 1.0 1.0 1.0 1.0 1.5 1.0 0.8 1.0 1.0 1.0 1.0 1.0 1.0 1.0 1.3333333333333333 0.5 
10.776402708329579 11.376402708329579 11.97640270832958 12.57640270832958 13.17640270832958 13.776402708329579 14.376402708329579 14.97640270832958 15.576402708329578 16.17640270832958 16.776402708329577 17.37640270832958 17.97640270832958 18.57640270832958 19.17640270832958 19.776402708329577 20.37640270832958 20.97640270832958 21.57640270832958 22.17640270832958 22.776402708329577 23.37640270832958 23.97640270832958 24.576402708329578 25.17640270832958 25.776402708329577 26.37640270832958 26.97640270832958 27.576402708329578 28.17640270832958 28.776402708329577 29.37640270832958 29.97640270832958 30.576402708329578 31.17640270832958 31.776402708329577 32.37640270832958 32.97640270832958 33.57640270832958 34.176402708329576 34.77640270832958 35.37640270832958 35.97640270832958 36.57640270832958 37.176402708329576 37.77640270832958 38.37640270832958 38.97640270832957 39.57640270832958 40.176402708329576 
75
0.9310344827586207 0.9166666666666666 1.0 1.0 1.0357142857142858 1.0 0.9411764705882353 1.0 1.0 1.0476190476190477 1.105263157894737 0.9 1.0 1.0 1.0 0.9629629629629629 1.0 1.0714285714285714 0.9375 1.0 1.0 1.0714285714285714 0.9090909090909091 1.0588235294117647 1.0 0.8333333333333334 1.0 1.0909090909090908 0.8333333333333334 1.5555555555555556 0.5 1.0833333333333333 0.6 1.0 1.2 1.25 0.6666666666666666 1.0 1.0 1.0 1.5 1.0 0.6666666666666666 1.3333333333333333 0.6666666666666666 1.0 1.0 2.0 0.75 1.0 
11.437966388736486 12.037966388736486 12.637966388736487 13.237966388736487 13.837966388736486 14.437966388736488 15.037966388736487 15.637966388736487 16.23796638873649 16.837966388736486 17.437966388736488 18.037966388736486 18.637966388736487 19.23796638873649 19.83796638873649 20.437966388736488 21.037966388736486 21.637966388736487 22.23796638873649 22.83796638873649 23.437966388736488 24.03796638873649 24.637966388736487 25.23796638873649 25.83796638873649 26.437966388736488 27.03796638873649 27.63796638873649 28.23796638873649 28.83796638873649 29.437966388736488 30.03796638873649 30.63796638873649 31.23796638873649 31.83796638873649 32.437966388736484 33.03796638873649 33.63796638873649 34.23796638873649 34.83796638873649 35.43796638873649 36.03796638873649 36.63796638873649 37.237966388736496 37.83796638873649 38.43796638873649 39.03796638873649 39.63796638873649 40.237966388736496 40.83796638873649 
75
1.03125 0.9142857142857143 0.9583333333333334 1.2105263157894737 0.9642857142857143 1.0 0.95 1.0 1.2 1.1578947368421053 0.7037037037037037 1.3333333333333333 1.0740740740740742 0.8260869565217391 1.0588235294117647 0.9130434782608695 1.0714285714285714 1.2941176470588236 0.8461538461538461 0.7 1.3846153846153846 1.0 1.1333333333333333 1.9090909090909092 0.55 0.3076923076923077 1.1428571428571428 0.09090909090909091 0.6666666666666666 2.75 0.75 1.4285714285714286 0.8888888888888888 1.6 1.0 0.6666666666666666 1.3333333333333333 1.2 1.0 1.0 1.0 1.0 1.0 1.0 1.0 1.0 1.0 1.0 1.0 1.0 
11.86890349902347 12.468903499023469 13.06890349902347 13.66890349902347 14.26890349902347 14.86890349902347 15.468903499023469 16.06890349902347 16.668903499023468 17.26890349902347 17.868903499023467 18.46890349902347 19.06890349902347 19.66890349902347 20.26890349902347 20.868903499023467 21.46890349902347 22.06890349902347 22.66890349902347 23.26890349902347 23.868903499023467 24.46890349902347 25.06890349902347 25.668903499023468 26.26890349902347 26.868903499023467 27.46890349902347 28.06890349902347 28.668903499023468 29.26890349902347 29.868903499023467 30.46890349902347 31.06890349902347 31.668903499023468 32.268903499023466 32.86890349902347 33.46890349902347 34.06890349902347 34.66890349902347 35.268903499023466 35.86890349902347 36.46890349902347 37.06890349902347 37.66890349902347 38.268903499023466 38.86890349902347 39.46890349902347 40.06890349902346 40.66890349902347 41.268903499023466 
75
0.8888888888888888 0.9428571428571428 1.0714285714285714 0.7916666666666666 0.9090909090909091 1.5 0.75 1.1764705882352942 0.7894736842105263 1.4285714285714286 1.1578947368421053 1.15 1.0416666666666667 0.8571428571428571 1.2941176470588236 0.8636363636363636 1.0526315789473684 0.7222222222222222 0.8666666666666667 4.625 2.111111111111111 1.2727272727272727 0.5 0.3333333333333333 0.5 0.17647058823529413 0.1 0.125 0.2 0.25 0.1111111111111111 0.08333333333333333 0.125 0.1111111111111111 4.0 2.857142857142857 1.1666666666666667 2.3333333333333335 2.0 0.8333333333333334 1.4 2.25 1.0 1.2 1.0 1.0 1.5 1.0 2.0 0.6666666666666666 
14.030050062435125 14.630050062435124 15.230050062435126 15.830050062435125 16.430050062435125 17.030050062435127 17.630050062435124 18.230050062435126 18.830050062435127 19.430050062435125 20.030050062435127 20.630050062435124 21.230050062435126 21.830050062435127 22.43005006243513 23.030050062435127 23.630050062435124 24.230050062435126 24.830050062435127 25.43005006243513 26.030050062435127 26.630050062435128 27.230050062435126 27.830050062435127 28.43005006243513 29.030050062435127 29.630050062435128 30.23005006243513 30.830050062435127 31.43005006243513 32.03005006243512 32.63005006243513 33.230050062435126 33.83005006243513 34.43005006243513 35.03005006243512 35.63005006243513 36.230050062435126 36.83005006243513 37.43005006243513 38.03005006243513 38.63005006243513 39.230050062435126 39.830050062435134 40.43005006243513 41.03005006243513 41.63005006243513 42.230050062435126 42.830050062435134 43.43005006243513 
75
1.1666666666666667 0.9583333333333334 1.25 0.7142857142857143 1.375 1.263157894736842 1.1304347826086956 0.9565217391304348 1.0 1.3157894736842106 0.8571428571428571 3.0 0.7391304347826086 1.9333333333333333 1.5454545454545454 1.2666666666666666 1.1176470588235294 1.1538461538461537 0.4444444444444444 1.4545454545454546 1.2 0.5882352941176471 0.5 0.46153846153846156 0.3076923076923077 0.2 0.375 0.23076923076923078 0.8 0.1111111111111111 0.08333333333333333 0.2 0.2857142857142857 0.125 0.06666666666666667 0.3333333333333333 0.3333333333333333 0.125 0.14285714285714285 0.14285714285714285 0.5 0.42857142857142855 6.0 5.0 0.2 0.5 1.0 4.333333333333333 1.5 2.0 
22.175936928382335 22.775936928382333 23.375936928382334 23.975936928382332 24.575936928382333 25.175936928382335 25.775936928382333 26.375936928382334 26.975936928382332 27.575936928382333 28.175936928382335 28.775936928382333 29.375936928382334 29.975936928382332 30.575936928382333 31.175936928382335 31.775936928382333 32.37593692838233 32.97593692838233 33.57593692838233 34.175936928382335 34.775936928382336 35.37593692838233 35.97593692838233 36.57593692838233 37.175936928382335 37.775936928382336 38.37593692838233 38.97593692838233 39.57593692838233 40.17593692838233 40.775936928382336 41.37593692838233 41.97593692838233 42.57593692838233 43.17593692838233 43.775936928382336 44.37593692838233 44.97593692838233 45.57593692838233 46.17593692838233 46.775936928382336 47.37593692838233 47.97593692838233 48.57593692838233 49.17593692838233 49.775936928382336 50.37593692838233 50.97593692838233 51.57593692838233 
