1.5
1.0 1.0 1.0 1.0 1.0 1.0666666666666667 0.9411764705882353 1.0 1.0 1.0 1.0 1.0 1.0 1.0 1.0769230769230769 0.9411764705882353 1.0 1.0 1.0 1.0 1.0 1.0 1.0 1.0 1.0 1.0 1.0 1.0 1.0 1.0 1.0 1.0 1.0 1.0 1.0 1.0 1.0 1.0 1.0 1.0 1.0 1.0 1.0 1.0 1.0 1.0 1.0 1.0 1.0 1.0 
15.6 16.2 16.8 17.4 18.0 18.6 19.2 19.8 20.4 21.0 21.6 22.2 22.8 23.4 24.0 24.6 25.2 25.799999999999997 26.4 27.0 27.6 28.2 28.799999999999997 29.4 30.0 30.6 31.2 31.8 32.4 33.0 33.599999999999994 34.2 34.8 35.4 36.0 36.599999999999994 37.2 37.8 38.4 39.0 39.599999999999994 40.2 40.8 41.4 42.0 42.599999999999994 43.2 43.8 44.4 45.0 
1.5
1.0 1.0 1.0 1.0 1.0 1.037037037037037 0.9545454545454546 1.0 1.0 1.0 1.0 1.0 1.0 1.0 1.0 1.0 1.0 1.0 0.8571428571428571 1.125 1.0 1.0 1.0 1.0 1.0 1.0 1.0 1.0 1.0 1.0 1.0 1.0 1.0 1.0 1.0 1.0 1.0 1.0 1.0 1.0 1.0 1.0 1.0 1.0 1.0 1.0 1.0 1.0 1.0 1.0 
15.6 16.2 16.8 17.4 18.0 18.6 19.2 19.8 20.4 21.0 21.6 22.2 22.8 23.4 24.0 24.6 25.2 25.799999999999997 26.4 27.0 27.6 28.2 28.799999999999997 29.4 30.0 30.6 31.2 31.8 32.4 33.0 33.599999999999994 34.2 34.8 35.4 36.0 36.599999999999994 37.2 37.8 38.4 39.0 39.599999999999994 40.2 40.8 41.4 42.0 42.599999999999994 43.2 43.8 44.4 45.0 
1.5
0.8947368421052632 1.0 1.0555555555555556 1.0526315789473684 0.9090909090909091 1.0 1.08 0.9523809523809523 0.95 1.0 1.0833333333333333 1.0526315789473684 0.9285714285714286 0.8571428571428571 1.0 1.1538461538461537 0.8666666666666667 1.0 1.125 0.8 1.4285714285714286 0.6923076923076923 1.1 1.0 1.0 0.8888888888888888 1.125 0.75 1.3333333333333333 1.0 1.0 1.0 1.0 1.0 1.0 1.0 0.75 1.5 1.0 1.0 1.0 1.0 1.0 1.0 1.0 1.0 1.0 1.0 1.0 1.0 
15.6 16.2 16.8 17.4 18.0 18.6 19.2 19.8 20.4 21.0 21.6 22.2 22.8 23.4 24.0 24.6 25.2 25.799999999999997 26.4 27.0 27.6 28.2 28.799999999999997 29.4 30.0 30.6 31.2 31.8 32.4 33.0 33.599999999999994 34.2 34.8 35.4 36.0 36.599999999999994 37.2 37.8 38.4 39.0 39.599999999999994 40.2 40.8 41.4 42.0 42.599999999999994 43.2 43.8 44.4 45.0 
1.5
1.0357142857142858 1.0555555555555556 0.9523809523809523 1.0 0.9523809523809523 1.0 0.9523809523809523 1.0625 1.0526315789473684 1.0 0.9473684210526315 1.0526315789473684 1.1578947368421053 0.8947368421052632 0.9473684210526315 1.0 0.9090909090909091 1.4 0.8571428571428571 1.1333333333333333 1.1538461538461537 1.0 1.3571428571428572 0.7058823529411765 1.1666666666666667 0.125 0.875 0.8 1.0 0.9285714285714286 1.1428571428571428 1.8 1.0 0.875 0.8571428571428571 2.0 1.0 1.0 1.0 1.0 1.0 1.0 1.0 1.0 1.0 1.0 1.0 0.75 1.25 1.0 
15.6 16.2 16.8 17.4 18.0 18.6 19.2 19.8 20.4 21.0 21.6 22.2 22.8 23.4 24.0 24.6 25.2 25.799999999999997 26.4 27.0 27.6 28.2 28.799999999999997 29.4 30.0 30.6 31.2 31.8 32.4 33.0 33.599999999999994 34.2 34.8 35.4 36.0 36.599999999999994 37.2 37.8 38.4 39.0 39.599999999999994 40.2 40.8 41.4 42.0 42.599999999999994 43.2 43.8 44.4 45.0 
1.5
1.0476190476190477 0.9473684210526315 1.0588235294117647 1.0 1.0 1.1363636363636365 0.8846153846153846 0.9473684210526315 1.0769230769230769 1.032258064516129 0.9375 1.1176470588235294 0.84 1.05 1.1363636363636365 0.8636363636363636 1.05 1.0 1.0909090909090908 1.125 1.0 0.7619047619047619 1.6666666666666667 0.8636363636363636 1.0625 0.7272727272727273 1.4 0.875 0.8571428571428571 0.9444444444444444 1.0 1.5 1.0588235294117647 0.8333333333333334 1.5454545454545454 1.1538461538461537 0.8 1.25 0.6923076923076923 1.2 0.5 1.0 0.4 0.8571428571428571 0.8888888888888888 0.8571428571428571 0.6666666666666666 3.0 0.375 1.0 
15.6 16.2 16.8 17.4 18.0 18.6 19.2 19.8 20.4 21.0 21.6 22.2 22.8 23.4 24.0 24.6 25.2 25.799999999999997 26.4 27.0 27.6 28.2 28.799999999999997 29.4 30.0 30.6 31.2 31.8 32.4 33.0 33.599999999999994 34.2 34.8 35.4 36.0 36.599999999999994 37.2 37.8 38.4 39.0 39.599999999999994 40.2 40.8 41.4 42.0 42.599999999999994 43.2 43.8 44.4 45.0 
