1e7
1.0 1.0 1.0 1.0 1.0 1.0 1.0 1.0 1.0 1.0 1.0 1.0 1.0344827586206897 0.9375 1.0 1.0 1.0 1.0 1.0 1.0 1.0 1.0 1.0833333333333333 0.9444444444444444 1.0 1.0 1.0 1.0 1.0 1.0 1.0 1.0 1.0 1.0 1.0 1.0 1.0 1.0 1.0 1.25 0.75 1.0 1.0 1.0 1.0 1.0 1.0 1.0 1.0 1.0 
10.796790858428112 11.396790858428112 11.996790858428113 12.596790858428113 13.196790858428113 13.796790858428114 14.396790858428114 14.996790858428113 15.596790858428113 16.196790858428113 16.796790858428114 17.396790858428112 17.996790858428113 18.596790858428115 19.196790858428116 19.796790858428114 20.396790858428112 20.996790858428113 21.596790858428115 22.196790858428116 22.796790858428114 23.396790858428115 23.996790858428113 24.596790858428115 25.196790858428116 25.796790858428114 26.396790858428115 26.996790858428117 27.596790858428115 28.196790858428116 28.796790858428114 29.396790858428115 29.996790858428117 30.596790858428115 31.196790858428116 31.796790858428114 32.39679085842812 32.99679085842811 33.596790858428115 34.196790858428116 34.79679085842812 35.39679085842812 35.99679085842811 36.59679085842812 37.196790858428116 37.79679085842812 38.39679085842812 38.99679085842811 39.59679085842812 40.196790858428116 
1e7
1.0 1.0 1.0 1.0 1.0 1.0 1.0 1.0 1.0 1.0 1.0 1.0 1.0 1.0 1.0909090909090908 0.9615384615384616 1.0 1.0 1.0 1.0 1.0 1.0 1.0 1.0 1.0 0.6666666666666666 1.1666666666666667 1.1 0.8333333333333334 1.0833333333333333 0.8333333333333334 1.0 1.0 1.0 1.0 1.25 0.8 1.0 1.0 1.0 1.0 1.3333333333333333 0.6666666666666666 1.0 1.0 1.0 1.0 1.0 1.0 1.0 
11.495762983271115 12.095762983271115 12.695762983271116 13.295762983271116 13.895762983271116 14.495762983271115 15.095762983271115 15.695762983271116 16.295762983271114 16.895762983271116 17.495762983271113 18.095762983271115 18.695762983271116 19.295762983271118 19.895762983271116 20.495762983271113 21.095762983271115 21.695762983271116 22.295762983271118 22.895762983271116 23.495762983271113 24.095762983271115 24.695762983271116 25.295762983271114 25.895762983271116 26.495762983271113 27.095762983271115 27.695762983271116 28.295762983271114 28.895762983271116 29.495762983271113 30.095762983271115 30.695762983271116 31.295762983271114 31.895762983271116 32.49576298327111 33.095762983271115 33.695762983271116 34.29576298327112 34.89576298327111 35.49576298327111 36.095762983271115 36.695762983271116 37.29576298327112 37.89576298327111 38.49576298327111 39.095762983271115 39.69576298327111 40.29576298327112 40.89576298327111 
1e7
1.0 1.0 0.9545454545454546 1.0 1.0384615384615385 1.0 1.0588235294117647 0.8823529411764706 1.0 1.0 1.0 1.0434782608695652 0.9583333333333334 1.0 1.0 1.105263157894737 0.8823529411764706 1.0 1.0 1.0 1.0 1.0714285714285714 1.1818181818181819 0.8823529411764706 1.0 0.6 1.0909090909090908 0.8 1.25 0.8888888888888888 1.1428571428571428 1.0 1.0 1.0 1.0 1.0 1.0 1.0 1.0 1.0 1.0 1.0 1.0 1.0 1.0 1.0 1.0 1.0 1.0 1.0 
12.163800329006461 12.763800329006461 13.363800329006462 13.963800329006462 14.563800329006462 15.163800329006461 15.763800329006461 16.363800329006462 16.96380032900646 17.56380032900646 18.163800329006463 18.76380032900646 19.363800329006462 19.96380032900646 20.56380032900646 21.163800329006463 21.76380032900646 22.36380032900646 22.96380032900646 23.56380032900646 24.163800329006463 24.76380032900646 25.36380032900646 25.96380032900646 26.56380032900646 27.163800329006463 27.76380032900646 28.363800329006462 28.96380032900646 29.56380032900646 30.16380032900646 30.76380032900646 31.363800329006462 31.96380032900646 32.56380032900646 33.16380032900646 33.76380032900646 34.363800329006466 34.96380032900646 35.56380032900646 36.16380032900646 36.76380032900646 37.363800329006466 37.96380032900646 38.56380032900646 39.16380032900646 39.76380032900646 40.36380032900646 40.96380032900646 41.56380032900646 
1e7
0.9722222222222222 1.08 1.0588235294117647 0.8695652173913043 1.0869565217391304 1.0 1.0769230769230769 1.0 0.9 0.95 1.3333333333333333 0.9047619047619048 0.8636363636363636 1.0 1.0526315789473684 1.0 1.0625 0.7857142857142857 1.4 0.9285714285714286 1.0666666666666667 1.3636363636363635 0.9285714285714286 1.5 0.6842105263157895 1.3333333333333333 0.125 0.8571428571428571 0.6666666666666666 1.1428571428571428 0.9230769230769231 1.25 1.5 0.3333333333333333 1.0 1.0 1.6666666666666667 1.0 1.0 1.0 1.0 1.0 1.0 1.0 1.0 1.0 1.0 1.0 0.5 1.5 
14.928451947905197 15.528451947905197 16.128451947905198 16.728451947905196 17.328451947905197 17.928451947905195 18.528451947905197 19.128451947905198 19.728451947905196 20.328451947905197 20.928451947905195 21.528451947905197 22.128451947905198 22.7284519479052 23.328451947905197 23.928451947905195 24.528451947905197 25.128451947905198 25.7284519479052 26.328451947905197 26.928451947905195 27.528451947905197 28.128451947905198 28.728451947905196 29.328451947905197 29.928451947905195 30.528451947905197 31.128451947905198 31.728451947905196 32.328451947905194 32.928451947905195 33.5284519479052 34.1284519479052 34.7284519479052 35.328451947905194 35.928451947905195 36.5284519479052 37.1284519479052 37.7284519479052 38.328451947905194 38.928451947905195 39.5284519479052 40.1284519479052 40.7284519479052 41.328451947905194 41.928451947905195 42.5284519479052 43.12845194790519 43.7284519479052 44.328451947905194 
1e7
0.85 1.1 1.0909090909090908 0.9166666666666666 1.2083333333333333 0.85 0.8888888888888888 2.125 0.7083333333333334 1.0 1.1111111111111112 1.2941176470588236 0.7058823529411765 0.9230769230769231 1.0625 0.8333333333333334 1.3636363636363635 1.125 1.0 1.4545454545454546 1.0 1.0 0.75 1.0 1.2 0.6666666666666666 0.7 0.4 1.0 0.5833333333333334 1.2 0.8571428571428571 2.3333333333333335 0.42857142857142855 1.125 0.8571428571428571 6.0 0.42857142857142855 2.0 1.0 1.25 1.0 0.75 2.0 0.6666666666666666 1.25 2.0 0.8 1.3333333333333333 1.0 
24.647000770157078 25.247000770157076 25.847000770157077 26.447000770157075 27.047000770157076 27.647000770157078 28.247000770157076 28.847000770157077 29.447000770157075 30.047000770157076 30.647000770157078 31.247000770157076 31.847000770157077 32.447000770157075 33.04700077015708 33.64700077015708 34.24700077015707 34.847000770157074 35.447000770157075 36.04700077015708 36.64700077015708 37.24700077015707 37.847000770157074 38.447000770157075 39.04700077015708 39.64700077015708 40.24700077015707 40.84700077015708 41.447000770157075 42.04700077015708 42.64700077015708 43.24700077015707 43.84700077015708 44.447000770157075 45.04700077015708 45.64700077015708 46.24700077015707 46.84700077015708 47.447000770157075 48.04700077015708 48.64700077015708 49.24700077015707 49.84700077015708 50.447000770157075 51.04700077015708 51.64700077015708 52.24700077015707 52.847000770157074 53.447000770157075 54.04700077015708 
