1e1
1.0 1.0 1.0 1.0 1.0 1.0 1.0 1.0 1.0 1.0 1.0 1.0 1.0 1.0 1.0 1.0 1.0 1.0 1.0 1.0 1.0 1.0 1.0 1.0 1.0 1.0 1.0 1.0 1.0 1.0 1.0 1.0 1.0 1.0 1.0 1.0 1.0 1.0 1.0 1.0 1.0 1.0 1.0 1.0 1.0 1.0 1.0 1.0 1.0 1.0 
10.799072297031985 11.399072297031985 11.999072297031987 12.599072297031986 13.199072297031986 13.799072297031987 14.399072297031987 14.999072297031987 15.599072297031986 16.199072297031986 16.799072297031987 17.399072297031985 17.999072297031987 18.599072297031988 19.19907229703199 19.799072297031987 20.399072297031985 20.999072297031987 21.599072297031988 22.19907229703199 22.799072297031987 23.39907229703199 23.999072297031987 24.599072297031988 25.19907229703199 25.799072297031987 26.39907229703199 26.99907229703199 27.599072297031988 28.19907229703199 28.799072297031987 29.39907229703199 29.99907229703199 30.599072297031988 31.19907229703199 31.799072297031987 32.39907229703199 32.99907229703199 33.59907229703199 34.19907229703199 34.79907229703199 35.39907229703199 35.99907229703199 36.599072297031995 37.19907229703199 37.79907229703199 38.39907229703199 38.99907229703199 39.599072297031995 40.19907229703199 
1e1
1.0 1.0 1.0 1.0 1.0 1.0 1.0 1.0 1.0 1.0 1.0 1.0 1.0 1.0 1.0 1.0 1.0 1.0 1.0 1.0 1.0 1.0 1.0 1.0 1.0 1.0 1.0 1.0 1.0 1.0 1.0 1.0 1.0 1.0 1.0 1.0 1.0 1.0 1.0 1.0 1.0 1.0 1.0 1.0 1.0 1.0 1.0 1.0 1.0 1.0 
11.493710519969044 12.093710519969044 12.693710519969045 13.293710519969045 13.893710519969044 14.493710519969046 15.093710519969045 15.693710519969045 16.293710519969046 16.893710519969044 17.493710519969046 18.093710519969044 18.693710519969045 19.293710519969046 19.893710519969048 20.493710519969046 21.093710519969044 21.693710519969045 22.293710519969046 22.893710519969048 23.493710519969046 24.093710519969047 24.693710519969045 25.293710519969046 25.893710519969048 26.493710519969046 27.093710519969047 27.69371051996905 28.293710519969046 28.893710519969048 29.493710519969046 30.093710519969047 30.69371051996905 31.293710519969046 31.893710519969048 32.49371051996904 33.09371051996905 33.693710519969045 34.293710519969046 34.89371051996905 35.49371051996905 36.09371051996905 36.693710519969045 37.29371051996905 37.89371051996905 38.49371051996905 39.09371051996905 39.693710519969045 40.29371051996905 40.89371051996905 
1e1
1.0 1.0 1.0 1.0 1.0 1.0 1.0 1.0 1.0 1.0 1.0 1.0 1.0 1.0 1.0 1.0 1.0 1.0 1.0 1.0 1.0 1.0 1.0 1.0 1.0 1.0 1.0 1.0 1.0 1.0 1.0 1.0 1.0 1.0 1.0 1.0 1.0 1.0 1.0 1.0 1.0 1.0 1.0 1.0 1.0 1.0 1.0 1.0 1.0 1.0 
12.193345746957482 12.793345746957481 13.393345746957483 13.993345746957482 14.593345746957482 15.193345746957482 15.793345746957481 16.393345746957483 16.99334574695748 17.593345746957482 18.193345746957483 18.79334574695748 19.393345746957483 19.99334574695748 20.593345746957482 21.193345746957483 21.79334574695748 22.39334574695748 22.99334574695748 23.593345746957482 24.193345746957483 24.79334574695748 25.39334574695748 25.99334574695748 26.593345746957482 27.193345746957483 27.79334574695748 28.393345746957483 28.99334574695748 29.593345746957482 30.19334574695748 30.79334574695748 31.393345746957483 31.99334574695748 32.59334574695748 33.193345746957476 33.793345746957485 34.39334574695748 34.99334574695748 35.59334574695748 36.193345746957476 36.793345746957485 37.39334574695748 37.99334574695748 38.59334574695748 39.193345746957476 39.793345746957485 40.39334574695748 40.99334574695748 41.59334574695748 
1e1
1.0 1.0 1.0 1.0 1.0 1.0 1.0 1.0 1.0 1.0 1.0 1.0 1.0 1.0 1.0 1.0 1.0 1.0 1.0 1.0 1.0 1.0 1.0 1.0 1.0 1.0 1.0 1.0 1.0 1.0 1.0 1.0 1.0 1.0 1.0 1.0 1.0 1.0 1.0 1.0 1.0 1.0 1.0 1.0 1.0 1.0 1.0 1.0 1.0 1.0 
15.137553005442095 15.737553005442095 16.337553005442096 16.937553005442094 17.537553005442096 18.137553005442093 18.737553005442095 19.337553005442096 19.937553005442094 20.537553005442096 21.137553005442093 21.737553005442095 22.337553005442096 22.937553005442098 23.537553005442096 24.137553005442093 24.737553005442095 25.337553005442096 25.937553005442098 26.537553005442096 27.137553005442093 27.737553005442095 28.337553005442096 28.937553005442094 29.537553005442096 30.137553005442093 30.737553005442095 31.337553005442096 31.937553005442094 32.53755300544209 33.13755300544209 33.737553005442095 34.337553005442096 34.9375530054421 35.53755300544209 36.13755300544209 36.737553005442095 37.337553005442096 37.9375530054421 38.53755300544209 39.13755300544209 39.737553005442095 40.337553005442096 40.9375530054421 41.53755300544209 42.13755300544209 42.737553005442095 43.33755300544209 43.9375530054421 44.53755300544209 
1e1
1.0 1.0 1.0 1.0 1.0 1.0 1.0 1.0 1.0 1.0 1.0 1.0 1.0 1.0 1.0 1.0 1.0 1.0 1.0 1.0 1.0 1.0 1.0 1.0 1.0 1.0 1.0 1.0 1.0 1.0 1.0 1.0 1.0 1.0 1.0 1.0 1.0 1.0 1.0 1.0 1.0 1.0 1.0 1.0 1.0 1.0 1.0 1.0 1.0 1.0 
25.233477996448556 25.833477996448554 26.433477996448556 27.033477996448553 27.633477996448555 28.233477996448556 28.833477996448554 29.433477996448556 30.033477996448553 30.633477996448555 31.233477996448556 31.833477996448554 32.43347799644855 33.03347799644855 33.633477996448555 34.233477996448556 34.83347799644855 35.43347799644855 36.03347799644855 36.633477996448555 37.233477996448556 37.83347799644855 38.43347799644855 39.03347799644855 39.633477996448555 40.233477996448556 40.83347799644855 41.43347799644856 42.03347799644855 42.633477996448555 43.233477996448556 43.83347799644855 44.43347799644856 45.03347799644855 45.633477996448555 46.233477996448556 46.83347799644855 47.43347799644856 48.03347799644855 48.633477996448555 49.233477996448556 49.83347799644855 50.43347799644856 51.03347799644855 51.633477996448555 52.233477996448556 52.83347799644855 53.43347799644855 54.03347799644855 54.633477996448555 
