15
0.9555555555555556 0.9705882352941176 1.0285714285714285 0.9444444444444444 1.0 1.1 0.9642857142857143 0.9523809523809523 1.0 1.0 1.105263157894737 0.9259259259259259 1.0 1.0 1.0 1.2142857142857142 0.8888888888888888 1.0 1.0 1.0714285714285714 0.9230769230769231 1.0 1.0 1.0 1.0 1.0 1.1428571428571428 1.0 0.9090909090909091 1.125 1.0 0.9166666666666666 1.0 1.0 1.2 0.8333333333333334 1.0 1.0 1.0 1.0 1.0 1.0 1.0 1.0 1.0 1.0 1.0 1.0 1.0 1.0 
10.348352969536611 10.94835296953661 11.548352969536612 12.148352969536612 12.748352969536612 13.348352969536611 13.94835296953661 14.548352969536612 15.14835296953661 15.748352969536612 16.348352969536613 16.94835296953661 17.548352969536612 18.14835296953661 18.74835296953661 19.348352969536613 19.94835296953661 20.54835296953661 21.14835296953661 21.74835296953661 22.348352969536613 22.94835296953661 23.54835296953661 24.14835296953661 24.74835296953661 25.348352969536613 25.94835296953661 26.548352969536612 27.14835296953661 27.74835296953661 28.34835296953661 28.94835296953661 29.548352969536612 30.14835296953661 30.74835296953661 31.34835296953661 31.94835296953661 32.54835296953661 33.14835296953661 33.74835296953661 34.348352969536606 34.948352969536614 35.54835296953661 36.14835296953661 36.74835296953661 37.348352969536606 37.948352969536614 38.54835296953661 39.14835296953661 39.74835296953661 
15
1.0444444444444445 0.9354838709677419 1.0357142857142858 1.0 0.95 1.0 1.0434782608695652 1.0666666666666667 0.9473684210526315 1.0 1.0 0.9411764705882353 1.1428571428571428 0.9285714285714286 1.0 1.1333333333333333 0.8636363636363636 1.125 0.8823529411764706 1.0 1.125 0.9333333333333333 1.0833333333333333 0.9 0.9523809523809523 1.0769230769230769 0.8 1.2727272727272727 0.75 1.1666666666666667 0.9285714285714286 1.1428571428571428 0.9 1.0 1.0 1.0 1.0 1.2 1.0 1.5 0.5 1.25 0.75 1.0 1.0 1.0 1.0 1.0 1.5 0.6666666666666666 
11.08820324283702 11.68820324283702 12.288203242837021 12.88820324283702 13.48820324283702 14.08820324283702 14.68820324283702 15.288203242837021 15.888203242837019 16.48820324283702 17.088203242837018 17.68820324283702 18.28820324283702 18.888203242837022 19.48820324283702 20.088203242837018 20.68820324283702 21.28820324283702 21.888203242837022 22.48820324283702 23.088203242837018 23.68820324283702 24.28820324283702 24.88820324283702 25.48820324283702 26.088203242837018 26.68820324283702 27.28820324283702 27.88820324283702 28.48820324283702 29.088203242837018 29.68820324283702 30.28820324283702 30.88820324283702 31.48820324283702 32.08820324283702 32.68820324283702 33.28820324283702 33.88820324283702 34.48820324283702 35.08820324283702 35.68820324283702 36.28820324283702 36.88820324283702 37.48820324283702 38.08820324283702 38.68820324283702 39.288203242837014 39.88820324283702 40.48820324283702 
15
0.8648648648648649 1.0571428571428572 1.0 0.75 1.2727272727272727 0.8518518518518519 1.0526315789473684 0.9047619047619048 1.0714285714285714 1.1764705882352942 1.0833333333333333 0.7222222222222222 1.125 1.15 0.8571428571428571 1.1578947368421053 0.7 1.4615384615384615 0.7777777777777778 0.7777777777777778 1.25 1.1333333333333333 1.5 1.5384615384615385 1.0 0.3 0.25 0.35714285714285715 0.14285714285714285 1.2857142857142858 1.0833333333333333 1.6666666666666667 1.0 1.1666666666666667 1.6666666666666667 1.0 0.75 1.3333333333333333 1.0 1.0 1.0 1.0 1.0 1.0 1.0 1.0 1.0 1.0 1.0 1.0 
11.723077900615456 12.323077900615456 12.923077900615457 13.523077900615457 14.123077900615456 14.723077900615456 15.323077900615456 15.923077900615457 16.523077900615455 17.123077900615456 17.723077900615458 18.323077900615456 18.923077900615457 19.523077900615455 20.123077900615456 20.723077900615458 21.323077900615456 21.923077900615453 22.523077900615455 23.123077900615456 23.723077900615458 24.323077900615456 24.923077900615453 25.523077900615455 26.123077900615456 26.723077900615458 27.323077900615456 27.923077900615457 28.523077900615455 29.123077900615456 29.723077900615454 30.323077900615456 30.923077900615457 31.523077900615455 32.123077900615456 32.72307790061545 33.32307790061546 33.92307790061545 34.523077900615455 35.123077900615456 35.72307790061545 36.32307790061546 36.92307790061545 37.523077900615455 38.123077900615456 38.72307790061545 39.32307790061546 39.92307790061545 40.523077900615455 41.123077900615456 
15
0.6857142857142857 1.1290322580645162 0.9333333333333333 0.7307692307692307 1.05 1.3333333333333333 0.92 0.8421052631578947 1.1764705882352942 1.1111111111111112 1.0 1.4444444444444444 0.84 0.9523809523809523 1.2352941176470589 0.9545454545454546 1.2 1.2666666666666666 0.8125 3.3 3.142857142857143 0.8461538461538461 0.6666666666666666 0.2857142857142857 0.07692307692307693 0.2 0.07692307692307693 0.14285714285714285 0.1111111111111111 0.125 0.1 0.125 0.15384615384615385 0.14285714285714285 0.75 2.1666666666666665 1.6666666666666667 1.4285714285714286 5.0 1.75 1.2857142857142858 2.25 1.5 1.6666666666666667 1.0 2.0 1.3333333333333333 1.0 2.0 0.6666666666666666 
13.919078010754665 14.519078010754665 15.119078010754667 15.719078010754666 16.319078010754666 16.919078010754667 17.519078010754665 18.119078010754667 18.719078010754664 19.319078010754666 19.919078010754667 20.519078010754665 21.119078010754667 21.719078010754664 22.319078010754666 22.919078010754667 23.519078010754665 24.119078010754663 24.719078010754664 25.319078010754666 25.919078010754667 26.519078010754665 27.119078010754663 27.719078010754664 28.319078010754666 28.919078010754667 29.519078010754665 30.119078010754667 30.719078010754664 31.319078010754666 31.919078010754664 32.51907801075467 33.11907801075466 33.719078010754664 34.319078010754666 34.91907801075466 35.51907801075467 36.11907801075466 36.719078010754664 37.319078010754666 37.91907801075466 38.51907801075467 39.11907801075466 39.719078010754664 40.319078010754666 40.91907801075466 41.51907801075467 42.11907801075466 42.719078010754664 43.319078010754666 
15
0.9583333333333334 1.2173913043478262 1.0 1.24 1.5 1.3333333333333333 1.2 0.7692307692307693 0.8333333333333334 1.411764705882353 1.5833333333333333 0.8571428571428571 2.142857142857143 1.5833333333333333 0.9411764705882353 1.2941176470588236 0.7692307692307693 0.9285714285714286 1.0 1.1818181818181819 0.5333333333333333 0.625 0.3076923076923077 0.23076923076923078 0.07692307692307693 0.375 0.14285714285714285 1.0 0.2222222222222222 0.08333333333333333 0.1 0.25 0.14285714285714285 0.08333333333333333 0.1111111111111111 0.25 0.16666666666666666 0.14285714285714285 0.1111111111111111 0.5 0.5 2.0 7.5 0.6 0.5 0.25 2.6666666666666665 2.5 0.8 3.5 
22.658601517559028 23.258601517559025 23.858601517559027 24.458601517559025 25.058601517559026 25.658601517559028 26.258601517559025 26.858601517559027 27.458601517559025 28.058601517559026 28.658601517559028 29.258601517559025 29.858601517559027 30.458601517559025 31.058601517559026 31.658601517559028 32.25860151755903 32.85860151755902 33.458601517559025 34.058601517559026 34.65860151755903 35.25860151755903 35.85860151755902 36.458601517559025 37.058601517559026 37.65860151755903 38.25860151755903 38.85860151755902 39.458601517559025 40.058601517559026 40.65860151755902 41.25860151755903 41.85860151755902 42.458601517559025 43.058601517559026 43.65860151755902 44.25860151755903 44.85860151755902 45.458601517559025 46.058601517559026 46.65860151755902 47.25860151755903 47.85860151755902 48.458601517559025 49.058601517559026 49.65860151755902 50.25860151755903 50.85860151755902 51.458601517559025 52.058601517559026 
