1e6
1.0 1.0 1.0 1.0 1.0 1.0 1.0 1.0 1.0 1.0 1.0 1.0 1.0 1.0 1.0 1.0 1.0 1.0 1.0 1.0 1.0 1.0 1.0 1.0 1.0 1.0 1.0 1.0 1.0 1.0 1.0 1.0 1.0 1.0 1.0 1.0 1.0 1.0 1.0 1.0 1.0 1.0 1.0 1.0 1.0 1.0 1.0 1.0 1.0 1.0 
10.798844154568135 11.398844154568135 11.998844154568136 12.598844154568136 13.198844154568135 13.798844154568135 14.398844154568135 14.998844154568136 15.598844154568134 16.198844154568135 16.798844154568137 17.398844154568135 17.998844154568136 18.598844154568134 19.198844154568135 19.798844154568137 20.398844154568135 20.998844154568133 21.598844154568134 22.198844154568135 22.798844154568137 23.398844154568135 23.998844154568133 24.598844154568134 25.198844154568135 25.798844154568137 26.398844154568135 26.998844154568136 27.598844154568134 28.198844154568135 28.798844154568133 29.398844154568135 29.998844154568136 30.598844154568134 31.198844154568135 31.798844154568133 32.39884415456814 32.99884415456813 33.598844154568134 34.198844154568135 34.79884415456813 35.39884415456814 35.99884415456813 36.598844154568134 37.198844154568135 37.79884415456813 38.39884415456814 38.99884415456813 39.598844154568134 40.198844154568135 
1e6
1.0 1.0 1.0 1.0 1.0 1.0 1.0 1.0 1.0 1.0 1.0 1.0 1.0 1.0 1.0 1.0 1.0 1.0 1.0 1.0 1.0 1.0 1.0 1.0 1.0 0.8333333333333334 1.0833333333333333 1.0 1.0 1.0 1.0 1.0 1.0 1.0 1.0 1.0 1.0 1.0 1.0 1.0 1.0 1.0 1.0 1.0 1.0 1.0 1.0 1.0 1.0 1.0 
11.493921374222923 12.093921374222923 12.693921374222924 13.293921374222924 13.893921374222924 14.493921374222925 15.093921374222925 15.693921374222924 16.293921374222926 16.893921374222924 17.493921374222925 18.093921374222923 18.693921374222924 19.293921374222926 19.893921374222927 20.493921374222925 21.093921374222923 21.693921374222924 22.293921374222926 22.893921374222927 23.493921374222925 24.093921374222926 24.693921374222924 25.293921374222926 25.893921374222927 26.493921374222925 27.093921374222926 27.693921374222928 28.293921374222926 28.893921374222927 29.493921374222925 30.093921374222926 30.693921374222928 31.293921374222926 31.893921374222927 32.49392137422292 33.09392137422293 33.693921374222924 34.293921374222926 34.89392137422293 35.49392137422293 36.09392137422293 36.693921374222924 37.29392137422293 37.89392137422293 38.49392137422293 39.09392137422293 39.693921374222924 40.29392137422293 40.89392137422293 
1e6
1.0263157894736843 0.96 1.0 1.0 1.0 1.0 1.0 1.0 1.0 1.0 1.0 1.0 1.0 1.0 1.0 1.0 1.0 1.0 1.0 1.0 1.0 1.0 1.0 1.0 1.0 1.0 1.0 1.0 1.0 0.9090909090909091 1.2 1.0 1.0 1.0 1.0 1.0 1.0 1.0 1.0 1.0 1.0 1.0 1.0 1.0 1.0 1.0 1.0 1.0 1.0 1.0 
12.190404807433927 12.790404807433926 13.390404807433928 13.990404807433928 14.590404807433927 15.190404807433927 15.790404807433926 16.390404807433928 16.990404807433926 17.590404807433927 18.19040480743393 18.790404807433926 19.390404807433928 19.990404807433926 20.590404807433927 21.19040480743393 21.790404807433926 22.390404807433924 22.990404807433926 23.590404807433927 24.19040480743393 24.790404807433926 25.390404807433924 25.990404807433926 26.590404807433927 27.19040480743393 27.790404807433926 28.390404807433928 28.990404807433926 29.590404807433927 30.190404807433925 30.790404807433926 31.390404807433928 31.990404807433926 32.59040480743393 33.19040480743392 33.79040480743393 34.390404807433924 34.990404807433926 35.59040480743393 36.19040480743392 36.79040480743393 37.390404807433924 37.990404807433926 38.59040480743393 39.19040480743392 39.79040480743393 40.390404807433924 40.990404807433926 41.59040480743393 
1e6
1.0 1.0 1.0 1.0 1.04 0.9473684210526315 1.0 1.0 1.0 1.0 1.04 0.9523809523809523 1.0625 0.9565217391304348 1.0526315789473684 1.0 0.9375 1.0 1.0 1.0 1.0 1.0714285714285714 1.0 1.0 0.9230769230769231 1.0 1.2222222222222223 0.75 1.0 1.0 1.0 1.0 1.0 1.0 1.0 1.0 1.0 1.0 1.0 1.0 1.0 1.0 1.0 1.0 1.0 1.0 1.0 1.0 1.0 1.0 
15.116338398097247 15.716338398097246 16.316338398097248 16.916338398097245 17.516338398097247 18.11633839809725 18.716338398097246 19.316338398097248 19.916338398097245 20.516338398097247 21.11633839809725 21.716338398097246 22.316338398097248 22.916338398097245 23.516338398097247 24.11633839809725 24.716338398097246 25.316338398097244 25.916338398097245 26.516338398097247 27.11633839809725 27.716338398097246 28.316338398097244 28.916338398097245 29.516338398097247 30.11633839809725 30.716338398097246 31.316338398097248 31.916338398097245 32.51633839809725 33.11633839809724 33.71633839809725 34.316338398097244 34.916338398097245 35.51633839809725 36.11633839809724 36.71633839809725 37.316338398097244 37.916338398097245 38.51633839809725 39.11633839809724 39.71633839809725 40.316338398097244 40.916338398097245 41.51633839809725 42.11633839809724 42.71633839809725 43.316338398097244 43.916338398097245 44.51633839809725 
1e6
1.0 1.0 1.0 1.0 1.0 1.0 1.125 1.0 1.0 0.9090909090909091 1.0666666666666667 0.9411764705882353 1.0769230769230769 1.0 0.9090909090909091 1.1 0.9411764705882353 1.0625 1.0 1.0 1.0 1.5 0.6153846153846154 1.0 1.1111111111111112 0.9166666666666666 1.0 1.1428571428571428 0.875 0.8 1.3333333333333333 1.6666666666666667 0.75 1.0 1.1428571428571428 1.0 1.0 1.0 1.0 1.0 1.0 1.0 1.0 1.0 1.0 1.0 1.0 1.0 1.0 1.0 
25.17387941133618 25.77387941133618 26.37387941133618 26.973879411336178 27.57387941133618 28.17387941133618 28.77387941133618 29.37387941133618 29.973879411336178 30.57387941133618 31.17387941133618 31.77387941133618 32.373879411336176 32.97387941133618 33.57387941133618 34.17387941133618 34.77387941133618 35.373879411336176 35.97387941133618 36.57387941133618 37.17387941133618 37.77387941133618 38.373879411336176 38.97387941133618 39.57387941133618 40.17387941133618 40.77387941133618 41.373879411336176 41.97387941133618 42.57387941133618 43.17387941133617 43.77387941133618 44.373879411336176 44.97387941133618 45.57387941133618 46.17387941133617 46.77387941133618 47.373879411336176 47.97387941133618 48.57387941133618 49.17387941133617 49.77387941133618 50.373879411336176 50.97387941133618 51.57387941133618 52.17387941133617 52.77387941133618 53.373879411336176 53.97387941133618 54.57387941133618 
