198
1.0232558139534884 0.9696969696969697 1.0 1.0 1.0 1.1 0.9310344827586207 1.0 1.0588235294117647 1.0 1.05 0.9230769230769231 1.0 1.0 1.0 1.0 1.0 1.0 1.0 1.0714285714285714 0.9230769230769231 1.0 1.0 1.0 1.0 1.0 1.0 1.0 1.0 1.125 0.8888888888888888 1.0 1.0 1.0 1.0 1.0 1.0 1.0 1.0 1.0 1.0 1.0 1.0 1.0 1.0 1.0 1.0 1.0 1.0 1.0 
10.359168126753028 10.959168126753028 11.559168126753029 12.159168126753029 12.759168126753028 13.359168126753028 13.959168126753028 14.559168126753029 15.159168126753027 15.759168126753028 16.359168126753026 16.959168126753028 17.55916812675303 18.15916812675303 18.75916812675303 19.359168126753026 19.959168126753028 20.55916812675303 21.15916812675303 21.75916812675303 22.359168126753026 22.959168126753028 23.55916812675303 24.159168126753027 24.75916812675303 25.359168126753026 25.959168126753028 26.55916812675303 27.159168126753027 27.75916812675303 28.359168126753026 28.959168126753028 29.55916812675303 30.159168126753027 30.75916812675303 31.359168126753026 31.959168126753028 32.55916812675303 33.15916812675303 33.759168126753025 34.359168126753026 34.95916812675303 35.55916812675303 36.15916812675303 36.759168126753025 37.359168126753026 37.95916812675303 38.55916812675302 39.15916812675303 39.759168126753025 
198
1.0227272727272727 1.0 1.0 0.9545454545454546 1.0 1.0 1.0454545454545454 0.9375 1.0 1.0 1.05 0.9411764705882353 1.0952380952380953 1.0 0.8947368421052632 1.0 1.0 1.0 1.0 1.0 1.0 1.0 1.0 1.0 1.05 1.0714285714285714 0.7 1.1818181818181819 0.75 1.1666666666666667 0.9285714285714286 1.5 0.8181818181818182 1.0 1.0 1.0 1.0 1.2 1.0 1.0 0.75 1.25 0.75 1.0 1.0 1.0 1.0 1.0 1.0 1.0 
11.082547249974992 11.682547249974991 12.282547249974993 12.882547249974992 13.482547249974992 14.082547249974992 14.682547249974991 15.282547249974993 15.88254724997499 16.482547249974992 17.082547249974994 17.68254724997499 18.282547249974993 18.88254724997499 19.482547249974992 20.082547249974994 20.68254724997499 21.28254724997499 21.88254724997499 22.482547249974992 23.082547249974994 23.68254724997499 24.28254724997499 24.88254724997499 25.482547249974992 26.082547249974994 26.68254724997499 27.282547249974993 27.88254724997499 28.482547249974992 29.08254724997499 29.68254724997499 30.282547249974993 30.88254724997499 31.482547249974992 32.08254724997499 32.68254724997499 33.282547249974996 33.88254724997499 34.48254724997499 35.08254724997499 35.68254724997499 36.282547249974996 36.88254724997499 37.48254724997499 38.08254724997499 38.68254724997499 39.28254724997499 39.88254724997499 40.48254724997499 
198
0.8809523809523809 1.0 0.92 0.9583333333333334 1.3333333333333333 0.8275862068965517 1.0 1.1666666666666667 0.8235294117647058 1.125 1.0 0.8888888888888888 1.0384615384615385 1.1578947368421053 0.9047619047619048 1.0 0.9473684210526315 1.3076923076923077 0.7368421052631579 1.1111111111111112 1.2727272727272727 0.8125 1.3333333333333333 2.0 1.0625 0.2 0.5 0.16666666666666666 0.875 2.0 0.5833333333333334 1.5 1.1111111111111112 1.1666666666666667 1.2 1.0 1.0 1.0 1.0 1.0 1.0 1.0 1.0 1.0 1.0 1.0 1.0 1.0 1.0 1.0 
11.6887816068137 12.2887816068137 12.888781606813701 13.488781606813701 14.0887816068137 14.6887816068137 15.2887816068137 15.888781606813701 16.4887816068137 17.0887816068137 17.6887816068137 18.2887816068137 18.8887816068137 19.488781606813703 20.0887816068137 20.6887816068137 21.2887816068137 21.8887816068137 22.488781606813703 23.0887816068137 23.6887816068137 24.2887816068137 24.8887816068137 25.4887816068137 26.0887816068137 26.6887816068137 27.2887816068137 27.8887816068137 28.4887816068137 29.0887816068137 29.6887816068137 30.2887816068137 30.8887816068137 31.4887816068137 32.0887816068137 32.6887816068137 33.2887816068137 33.8887816068137 34.4887816068137 35.0887816068137 35.6887816068137 36.2887816068137 36.8887816068137 37.4887816068137 38.0887816068137 38.6887816068137 39.2887816068137 39.888781606813694 40.4887816068137 41.0887816068137 
198
0.96 0.918918918918919 0.9655172413793104 1.0526315789473684 0.875 1.4705882352941178 0.8 1.125 0.9473684210526315 1.1176470588235294 1.1176470588235294 1.1304347826086956 1.1 0.9545454545454546 1.1666666666666667 1.05 1.3888888888888888 0.8421052631578947 0.6666666666666666 4.571428571428571 2.1 1.1538461538461537 0.5294117647058824 0.4 0.07692307692307693 0.1111111111111111 0.125 0.1111111111111111 0.1111111111111111 0.1 0.14285714285714285 0.15384615384615385 0.125 0.5555555555555556 17.0 1.5714285714285714 1.2857142857142858 2.4 2.3333333333333335 1.1666666666666667 1.5 1.3333333333333333 0.75 1.25 1.6666666666666667 0.3333333333333333 1.5 1.0 2.0 1.0 
14.096693052648666 14.696693052648666 15.296693052648667 15.896693052648667 16.496693052648666 17.096693052648668 17.696693052648666 18.296693052648667 18.896693052648665 19.496693052648666 20.096693052648668 20.696693052648666 21.296693052648667 21.896693052648665 22.496693052648666 23.096693052648668 23.696693052648666 24.296693052648664 24.896693052648665 25.496693052648666 26.096693052648668 26.696693052648666 27.296693052648664 27.896693052648665 28.496693052648666 29.096693052648668 29.696693052648666 30.296693052648667 30.896693052648665 31.496693052648666 32.09669305264866 32.69669305264867 33.29669305264866 33.896693052648665 34.496693052648666 35.09669305264866 35.69669305264867 36.29669305264866 36.896693052648665 37.496693052648666 38.09669305264866 38.69669305264867 39.29669305264866 39.896693052648665 40.496693052648666 41.09669305264866 41.69669305264867 42.29669305264866 42.896693052648665 43.496693052648666 
198
1.0416666666666667 1.2105263157894737 0.5714285714285714 2.2 1.1818181818181819 1.2 0.8846153846153846 0.72 1.2 1.5 1.0 1.6 1.8571428571428572 1.3571428571428572 0.8888888888888888 1.8333333333333333 1.0 0.7333333333333333 1.3333333333333333 0.7142857142857143 0.6111111111111112 0.4166666666666667 0.42857142857142855 0.2857142857142857 0.14285714285714285 0.1875 0.6666666666666666 0.8 0.14285714285714285 0.08333333333333333 0.125 0.16666666666666666 0.18181818181818182 0.08333333333333333 0.25 0.3333333333333333 0.125 0.25 0.8 4.333333333333333 1.2 1.3333333333333333 1.0 1.3333333333333333 1.0 1.75 3.3333333333333335 0.16666666666666666 4.0 1.6666666666666667 
23.120316989461344 23.72031698946134 24.320316989461343 24.92031698946134 25.520316989461342 26.120316989461344 26.72031698946134 27.320316989461343 27.92031698946134 28.520316989461342 29.120316989461344 29.72031698946134 30.320316989461343 30.92031698946134 31.520316989461342 32.120316989461344 32.72031698946134 33.32031698946134 33.92031698946134 34.52031698946134 35.120316989461344 35.72031698946134 36.32031698946134 36.92031698946134 37.52031698946134 38.120316989461344 38.72031698946134 39.32031698946135 39.92031698946134 40.52031698946134 41.120316989461344 41.72031698946134 42.32031698946135 42.92031698946134 43.52031698946134 44.120316989461344 44.72031698946134 45.32031698946135 45.92031698946134 46.52031698946134 47.120316989461344 47.72031698946134 48.32031698946135 48.92031698946134 49.52031698946134 50.120316989461344 50.72031698946134 51.32031698946134 51.92031698946134 52.52031698946134 
