116.57587618369008
1.0 1.0 1.0 1.0384615384615385 0.9444444444444444 1.0 1.0476190476190477 1.0 0.9545454545454546 1.0 1.0833333333333333 0.8947368421052632 1.0 1.0666666666666667 0.9444444444444444 1.0 1.0 1.0 1.0 1.0 1.0 1.0 1.0 1.0588235294117647 0.9375 1.0 1.0 1.0 1.0 1.0 1.0 1.4285714285714286 0.5 1.0 1.0 1.0 1.0 1.0 1.5 1.0 0.8 1.0 1.0 1.0 1.0 1.0 1.0 1.0 1.3333333333333333 0.5 
10.766960219750048 11.366960219750048 11.96696021975005 12.56696021975005 13.166960219750049 13.76696021975005 14.36696021975005 14.96696021975005 15.56696021975005 16.16696021975005 16.76696021975005 17.366960219750048 17.96696021975005 18.56696021975005 19.166960219750052 19.76696021975005 20.366960219750048 20.96696021975005 21.56696021975005 22.166960219750052 22.76696021975005 23.36696021975005 23.96696021975005 24.56696021975005 25.166960219750052 25.76696021975005 26.36696021975005 26.966960219750053 27.56696021975005 28.166960219750052 28.76696021975005 29.36696021975005 29.966960219750053 30.56696021975005 31.166960219750052 31.76696021975005 32.366960219750055 32.96696021975005 33.56696021975005 34.16696021975005 34.766960219750054 35.366960219750055 35.96696021975005 36.56696021975006 37.16696021975005 37.766960219750054 38.366960219750055 38.96696021975005 39.56696021975006 40.16696021975005 
116.57587618369008
0.8888888888888888 1.0606060606060606 0.9583333333333334 0.95 1.0 1.05 0.9411764705882353 1.0 1.0588235294117647 1.0952380952380953 0.9047619047619048 1.0555555555555556 0.9655172413793104 0.95 1.0909090909090908 1.0 1.0714285714285714 0.9375 1.1428571428571428 0.9 0.9333333333333333 0.9333333333333333 1.0 1.0 0.8888888888888888 1.4 1.0 1.1 0.8333333333333334 1.25 0.5 1.1818181818181819 0.8 0.8 1.4 1.0 0.6666666666666666 1.1428571428571428 0.8 1.0 1.0 1.3333333333333333 0.6666666666666666 1.0 1.0 1.0 1.0 1.0 1.0 1.0 
11.47882581570441 12.078825815704409 12.67882581570441 13.27882581570441 13.87882581570441 14.47882581570441 15.078825815704409 15.67882581570441 16.27882581570441 16.87882581570441 17.47882581570441 18.07882581570441 18.67882581570441 19.27882581570441 19.87882581570441 20.47882581570441 21.07882581570441 21.678825815704407 22.27882581570441 22.87882581570441 23.47882581570441 24.07882581570441 24.678825815704407 25.27882581570441 25.87882581570441 26.47882581570441 27.07882581570441 27.67882581570441 28.27882581570441 28.87882581570441 29.478825815704408 30.07882581570441 30.67882581570441 31.27882581570441 31.87882581570441 32.47882581570441 33.078825815704405 33.678825815704414 34.27882581570441 34.87882581570441 35.47882581570441 36.078825815704405 36.678825815704414 37.27882581570441 37.87882581570441 38.47882581570441 39.078825815704405 39.67882581570441 40.27882581570441 40.87882581570441 
116.57587618369008
0.8604651162790697 0.972972972972973 1.0434782608695652 0.9583333333333334 1.2 0.9259259259259259 0.9090909090909091 1.1666666666666667 0.8235294117647058 1.1875 0.9583333333333334 0.8823529411764706 1.1153846153846154 1.15 0.9473684210526315 1.1578947368421053 0.6086956521739131 1.6666666666666667 0.7222222222222222 0.7272727272727273 1.8 1.0625 1.6923076923076923 2.0 0.625 0.15789473684210525 0.2 0.18181818181818182 0.2 0.5 1.2727272727272727 2.6 1.0 1.5714285714285714 0.8 0.75 1.0 1.3333333333333333 1.0 0.6666666666666666 1.6666666666666667 1.0 1.0 1.0 1.0 1.0 1.0 1.0 1.0 1.0 
11.623181777427126 12.223181777427126 12.823181777427127 13.423181777427127 14.023181777427126 14.623181777427126 15.223181777427126 15.823181777427127 16.423181777427125 17.023181777427126 17.623181777427128 18.223181777427126 18.823181777427127 19.423181777427125 20.023181777427126 20.623181777427128 21.223181777427126 21.823181777427124 22.423181777427125 23.023181777427126 23.623181777427128 24.223181777427126 24.823181777427124 25.423181777427125 26.023181777427126 26.623181777427128 27.223181777427126 27.823181777427127 28.423181777427125 29.023181777427126 29.623181777427124 30.223181777427126 30.823181777427127 31.423181777427125 32.023181777427126 32.62318177742712 33.22318177742713 33.82318177742712 34.423181777427125 35.023181777427126 35.62318177742712 36.22318177742713 36.82318177742712 37.423181777427125 38.023181777427126 38.62318177742712 39.22318177742713 39.82318177742712 40.423181777427125 41.023181777427126 
116.57587618369008
0.8928571428571429 1.68 0.6410256410256411 1.3333333333333333 0.9333333333333333 0.7142857142857143 1.0 1.4210526315789473 0.8260869565217391 1.05 0.9375 1.0 1.7058823529411764 1.2 0.9583333333333334 1.411764705882353 1.0476190476190477 1.5263157894736843 1.0526315789473684 1.2105263157894737 1.875 1.3636363636363635 1.6666666666666667 0.6153846153846154 0.13333333333333333 0.07142857142857142 0.16666666666666666 0.07142857142857142 0.0625 0.14285714285714285 0.1111111111111111 0.14285714285714285 0.1111111111111111 0.125 0.06666666666666667 0.14285714285714285 0.25 0.4 2.3333333333333335 1.0 5.0 4.333333333333333 0.7777777777777778 3.0 2.5 0.6 1.0 5.0 1.0 5.0 
12.657027850104042 13.257027850104041 13.857027850104043 14.457027850104042 15.057027850104042 15.657027850104042 16.25702785010404 16.857027850104043 17.45702785010404 18.057027850104042 18.657027850104043 19.25702785010404 19.857027850104043 20.45702785010404 21.057027850104042 21.657027850104043 22.25702785010404 22.85702785010404 23.45702785010404 24.057027850104042 24.657027850104043 25.25702785010404 25.85702785010404 26.45702785010404 27.057027850104042 27.657027850104043 28.25702785010404 28.857027850104043 29.45702785010404 30.057027850104042 30.65702785010404 31.25702785010404 31.857027850104043 32.45702785010404 33.05702785010404 33.65702785010404 34.25702785010404 34.857027850104046 35.45702785010404 36.05702785010404 36.65702785010404 37.25702785010404 37.857027850104046 38.45702785010404 39.05702785010404 39.65702785010404 40.25702785010404 40.85702785010404 41.45702785010404 42.05702785010404 
116.57587618369008
0.9629629629629629 0.6666666666666666 2.176470588235294 1.6 0.7941176470588235 0.7931034482758621 0.8571428571428571 1.1111111111111112 1.35 0.9565217391304348 1.3703703703703705 2.0625 0.9523809523809523 1.6666666666666667 0.76 1.1538461538461537 1.105263157894737 1.2307692307692308 1.3888888888888888 1.3333333333333333 1.2857142857142858 0.6923076923076923 0.631578947368421 1.2727272727272727 1.0666666666666667 0.4666666666666667 0.6666666666666666 0.23076923076923078 0.21052631578947367 0.16666666666666666 0.21428571428571427 0.2857142857142857 0.16666666666666666 0.17647058823529413 0.3333333333333333 0.4 0.07692307692307693 0.08333333333333333 0.1111111111111111 0.16666666666666666 0.09090909090909091 0.09090909090909091 0.2 0.3333333333333333 0.14285714285714285 0.1111111111111111 0.2 0.3333333333333333 0.2 0.3333333333333333 
18.304383796539618 18.904383796539616 19.504383796539617 20.104383796539615 20.704383796539616 21.304383796539618 21.904383796539616 22.504383796539617 23.104383796539615 23.704383796539616 24.304383796539618 24.904383796539616 25.504383796539617 26.104383796539615 26.704383796539616 27.304383796539618 27.904383796539616 28.504383796539614 29.104383796539615 29.704383796539616 30.304383796539618 30.904383796539616 31.504383796539614 32.104383796539615 32.70438379653962 33.30438379653962 33.90438379653962 34.504383796539614 35.104383796539615 35.70438379653962 36.30438379653961 36.90438379653962 37.504383796539614 38.104383796539615 38.70438379653962 39.30438379653961 39.90438379653962 40.504383796539614 41.104383796539615 41.70438379653962 42.30438379653961 42.90438379653962 43.504383796539614 44.104383796539615 44.70438379653962 45.30438379653961 45.90438379653962 46.504383796539614 47.104383796539615 47.70438379653962 
